       Value   Percentile   TotalCount 1/(1-Percentile)

        0.18     0.000000            2         1.00
        3.66     0.050000        34696         1.05
        5.63     0.100000        69315         1.11
        7.17     0.150000       104461         1.18
        7.97     0.200000       138570         1.25
        8.51     0.250000       173072         1.33
        8.83     0.300000       214675         1.43
        8.96     0.350000       252137         1.54
        9.09     0.400000       290043         1.67
        9.34     0.450000       315573         1.82
        9.92     0.500000       347343         2.00
       10.56     0.525000       363854         2.11
       11.58     0.550000       380652         2.22
       12.54     0.575000       398005         2.35
       13.44     0.600000       415618         2.50
       14.46     0.625000       433031         2.67
       15.49     0.650000       450752         2.86
       16.25     0.675000       467846         3.08
       16.89     0.700000       485992         3.33
       17.28     0.725000       502024         3.64
       18.30     0.750000       520549         4.00
       18.82     0.762500       527755         4.21
       19.45     0.775000       536858         4.44
       20.09     0.787500       547469         4.71
       20.48     0.800000       553900         5.00
       20.99     0.812500       564152         5.33
       21.25     0.825000       571968         5.71
       21.76     0.837500       580315         6.15
       22.40     0.850000       588616         6.67
       23.42     0.862500       597244         7.27
       24.57     0.875000       606275         8.00
       25.09     0.881250       610865         8.42
       25.47     0.887500       614431         8.89
       26.11     0.893750       618652         9.41
       26.88     0.900000       623057        10.00
       27.77     0.906250       627633        10.67
       28.54     0.912500       631855        11.43
       29.18     0.918750       636377        12.31
       29.95     0.925000       640758        13.33
       30.85     0.931250       644733        14.55
       31.87     0.937500       648818        16.00
       32.51     0.940625       651257        16.84
       33.02     0.943750       653449        17.78
       33.53     0.946875       655411        18.82
       34.30     0.950000       657507        20.00
       35.58     0.953125       660047        21.33
       36.61     0.956250       662045        22.86
       37.63     0.959375       664234        24.62
       38.91     0.962500       666197        26.67
       40.45     0.965625       668298        29.09
       42.24     0.968750       670673        32.00
       43.26     0.970313       671597        33.68
       44.54     0.971875       672635        35.56
       46.08     0.973437       673795        37.65
       48.13     0.975000       674872        40.00
       50.43     0.976562       675967        42.67
       52.99     0.978125       676954        45.71
       56.06     0.979688       678013        49.23
       60.67     0.981250       679100        53.33
       66.56     0.982812       680201        58.18
       73.22     0.984375       681337        64.00
       76.80     0.985156       681843        67.37
       80.89     0.985938       682402        71.11
       85.50     0.986719       682922        75.29
       90.11     0.987500       683431        80.00
       95.23     0.988281       684003        85.33
      100.35     0.989062       684547        91.43
      105.47     0.989844       685094        98.46
      111.10     0.990625       685626       106.67
      116.22     0.991406       686146       116.36
      122.37     0.992188       686685       128.00
      125.95     0.992578       686957       134.74
      129.53     0.992969       687230       142.22
      133.12     0.993359       687514       150.59
      136.19     0.993750       687762       160.00
      140.29     0.994141       688048       170.67
      144.38     0.994531       688345       182.86
      147.46     0.994922       688579       196.92
      151.55     0.995313       688833       213.33
      157.69     0.995703       689108       232.73
      163.84     0.996094       689401       256.00
      166.91     0.996289       689550       269.47
      168.96     0.996484       689659       284.44
      172.03     0.996680       689785       301.18
      175.10     0.996875       689911       320.00
      179.20     0.997070       690053       341.33
      183.29     0.997266       690183       365.71
      188.41     0.997461       690340       393.85
      192.51     0.997656       690456       426.67
      198.66     0.997852       690612       465.45
      203.78     0.998047       690730       512.00
      206.85     0.998145       690801       538.95
      209.92     0.998242       690868       568.89
      212.99     0.998340       690932       602.35
      216.06     0.998437       690999       640.00
      219.13     0.998535       691058       682.67
      223.23     0.998633       691134       731.43
      227.33     0.998730       691207       787.69
      230.40     0.998828       691258       853.33
      235.52     0.998926       691338       930.91
      238.59     0.999023       691395      1024.00
      240.64     0.999072       691436      1077.89
      242.69     0.999121       691461      1137.78
      245.76     0.999170       691497      1204.71
      248.83     0.999219       691538      1280.00
      250.88     0.999268       691564      1365.33
      253.95     0.999316       691598      1462.86
      258.05     0.999365       691631      1575.38
      262.14     0.999414       691666      1706.67
      268.29     0.999463       691714      1861.82
      272.38     0.999512       691742      2048.00
      274.43     0.999536       691754      2155.79
      276.48     0.999561       691767      2275.56
      280.57     0.999585       691786      2409.41
      284.67     0.999609       691812      2560.00
      286.72     0.999634       691819      2730.67
      288.77     0.999658       691837      2925.71
      292.86     0.999683       691857      3150.77
      296.96     0.999707       691877      3413.33
      299.01     0.999731       691886      3723.64
      303.10     0.999756       691911      4096.00
      303.10     0.999768       691911      4311.58
      307.20     0.999780       691926      4551.11
      307.20     0.999792       691926      4818.82
      309.25     0.999805       691934      5120.00
      311.30     0.999817       691944      5461.33
      315.39     0.999829       691960      5851.43
      315.39     0.999841       691960      6301.54
      317.44     0.999854       691971      6826.67
      319.49     0.999866       691982      7447.27
      321.54     0.999878       691987      8192.00
      323.58     0.999884       691996      8623.16
      323.58     0.999890       691996      9102.22
      325.63     0.999896       692003      9637.65
      325.63     0.999902       692003     10240.00
      329.73     0.999908       692006     10922.67
      333.82     0.999915       692012     11702.86
      335.87     0.999921       692017     12603.08
      337.92     0.999927       692019     13653.33
      339.97     0.999933       692028     14894.55
      339.97     0.999939       692028     16384.00
      342.01     0.999942       692030     17246.32
      348.16     0.999945       692031     18204.44
      352.25     0.999948       692037     19275.29
      352.25     0.999951       692037     20480.00
      354.30     0.999954       692041     21845.33
      354.30     0.999957       692041     23405.71
      356.35     0.999960       692044     25206.15
      356.35     0.999963       692044     27306.67
      358.40     0.999966       692047     29789.09
      362.50     0.999969       692051     32768.00
      362.50     0.999971       692051     34492.63
      362.50     0.999973       692051     36408.89
      368.64     0.999974       692053     38550.59
      368.64     0.999976       692053     40960.00
      372.74     0.999977       692054     43690.67
      380.93     0.999979       692056     46811.43
      380.93     0.999980       692056     50412.31
      382.98     0.999982       692057     54613.33
      387.07     0.999983       692058     59578.18
      391.17     0.999985       692060     65536.00
      391.17     0.999986       692060     68985.26
      391.17     0.999986       692060     72817.78
      397.31     0.999987       692061     77101.18
      397.31     0.999988       692061     81920.00
      403.45     0.999989       692062     87381.33
      403.45     0.999989       692062     93622.86
      411.65     0.999990       692063    100824.62
      411.65     0.999991       692063    109226.67
      438.27     0.999992       692066    119156.36
      438.27     0.999992       692066    131072.00
      438.27     0.999993       692066    137970.53
      438.27     0.999993       692066    145635.56
      438.27     0.999994       692066    154202.35
      438.27     0.999994       692066    163840.00
      438.27     0.999994       692066    174762.67
      438.27     0.999995       692066    187245.71
      438.27     0.999995       692066    201649.23
      438.27     0.999995       692066    218453.33
      448.51     0.999996       692068    238312.73
      448.51     0.999996       692068    262144.00
      448.51     0.999996       692068    275941.05
      448.51     0.999997       692068    291271.11
      448.51     0.999997       692068    308404.71
      448.51     0.999997       692068    327680.00
      448.51     0.999997       692068    349525.33
      448.51     0.999997       692068    374491.43
      448.51     0.999998       692068    403298.46
      448.51     0.999998       692068    436906.67
      448.51     0.999998       692068    476625.45
      448.51     0.999998       692068    524288.00
      448.51     0.999998       692068    551882.11
      448.51     0.999998       692068    582542.22
      448.51     0.999998       692068    616809.41
      448.51     0.999998       692068    655360.00
      468.99     0.999999       692069    699050.67
      468.99     1.000000       692069          inf
#[Mean    =       15.707, StdDeviation   =       19.068]
#[Max     =      468.991, Total count    =       692069]
#[Buckets =           10, SubBuckets     =          256]
