       Value   Percentile   TotalCount 1/(1-Percentile)

        0.15     0.000000            1         1.00
        3.68     0.050000       347639         1.05
        5.63     0.100000       692200         1.11
        7.17     0.150000      1043232         1.18
        7.97     0.200000      1384890         1.25
        8.57     0.250000      1796878         1.33
        8.83     0.300000      2149420         1.43
        8.96     0.350000      2525178         1.54
        9.09     0.400000      2902950         1.67
        9.34     0.450000      3154722         1.82
        9.92     0.500000      3472125         2.00
       10.56     0.525000      3638704         2.11
       11.58     0.550000      3806538         2.22
       12.61     0.575000      3987870         2.35
       13.44     0.600000      4152715         2.50
       14.46     0.625000      4326861         2.67
       15.49     0.650000      4505409         2.86
       16.25     0.675000      4676134         3.08
       16.89     0.700000      4859463         3.33
       17.28     0.725000      5019442         3.64
       18.30     0.750000      5204293         4.00
       18.82     0.762500      5276661         4.21
       19.45     0.775000      5368551         4.44
       20.09     0.787500      5474228         4.71
       20.48     0.800000      5538306         5.00
       20.99     0.812500      5640607         5.33
       21.25     0.825000      5718255         5.71
       21.76     0.837500      5800274         6.15
       22.53     0.850000      5893098         6.67
       23.42     0.862500      5968701         7.27
       24.57     0.875000      6059842         8.00
       25.09     0.881250      6104883         8.42
       25.60     0.887500      6149646         8.89
       26.24     0.893750      6191039         9.41
       27.01     0.900000      6233081        10.00
       27.77     0.906250      6271885        10.67
       28.67     0.912500      6321052        11.43
       29.18     0.918750      6359234        12.31
       29.95     0.925000      6402777        13.33
       30.98     0.931250      6448481        14.55
       32.00     0.937500      6489347        16.00
       32.51     0.940625      6509052        16.84
       33.02     0.943750      6530597        17.78
       33.79     0.946875      6558147        18.82
       34.56     0.950000      6576950        20.00
       35.58     0.953125      6597787        21.33
       36.61     0.956250      6617926        22.86
       37.63     0.959375      6640056        24.62
       39.17     0.962500      6662966        26.67
       40.70     0.965625      6684484        29.09
       42.24     0.968750      6704302        32.00
       43.52     0.970313      6715380        33.68
       44.80     0.971875      6725972        35.56
       46.34     0.973437      6737126        37.65
       48.38     0.975000      6747655        40.00
       50.69     0.976562      6758350        42.67
       53.50     0.978125      6769197        45.71
       56.83     0.979688      6779636        49.23
       60.93     0.981250      6789972        53.33
       66.56     0.982812      6800810        58.18
       73.22     0.984375      6812184        64.00
       76.80     0.985156      6817138        67.37
       81.41     0.985938      6822894        71.11
       86.02     0.986719      6828345        75.29
       90.62     0.987500      6833567        80.00
       95.74     0.988281      6839110        85.33
      100.35     0.989062      6844154        91.43
      105.98     0.989844      6849876        98.46
      111.61     0.990625      6855161       106.67
      117.25     0.991406      6860417       116.36
      123.39     0.992188      6865775       128.00
      126.46     0.992578      6868426       134.74
      130.05     0.992969      6871436       142.22
      133.12     0.993359      6873857       150.59
      137.22     0.993750      6876868       160.00
      141.31     0.994141      6879930       170.67
      144.38     0.994531      6882114       182.86
      148.48     0.994922      6884645       196.92
      153.60     0.995313      6887639       213.33
      158.72     0.995703      6890217       232.73
      164.86     0.996094      6893088       256.00
      166.91     0.996289      6894034       269.47
      169.98     0.996484      6895492       284.44
      174.08     0.996680      6897062       301.18
      177.15     0.996875      6898200       320.00
      181.25     0.997070      6899460       341.33
      186.37     0.997266      6901029       365.71
      190.46     0.997461      6902350       393.85
      195.58     0.997656      6903739       426.67
      200.70     0.997852      6904993       465.45
      206.85     0.998047      6906299       512.00
      209.92     0.998145      6907024       538.95
      211.97     0.998242      6907549       568.89
      215.04     0.998340      6908234       602.35
      218.11     0.998437      6908887       640.00
      222.21     0.998535      6909713       682.67
      226.30     0.998633      6910380       731.43
      229.38     0.998730      6910905       787.69
      233.47     0.998828      6911698       853.33
      237.57     0.998926      6912404       930.91
      241.66     0.999023      6913051      1024.00
      243.71     0.999072      6913280      1077.89
      246.78     0.999121      6913682      1137.78
      248.83     0.999170      6913946      1204.71
      252.93     0.999219      6914360      1280.00
      256.00     0.999268      6914623      1365.33
      260.10     0.999316      6915007      1462.86
      264.19     0.999365      6915376      1575.38
      268.29     0.999414      6915763      1706.67
      272.38     0.999463      6916113      1861.82
      276.48     0.999512      6916448      2048.00
      278.53     0.999536      6916598      2155.79
      280.57     0.999561      6916679      2275.56
      284.67     0.999585      6916883      2409.41
      286.72     0.999609      6917023      2560.00
      290.81     0.999634      6917271      2730.67
      292.86     0.999658      6917367      2925.71
      296.96     0.999683      6917599      3150.77
      299.01     0.999707      6917737      3413.33
      301.06     0.999731      6917882      3723.64
      303.10     0.999756      6918007      4096.00
      305.15     0.999768      6918083      4311.58
      309.25     0.999780      6918221      4551.11
      311.30     0.999792      6918296      4818.82
      313.34     0.999805      6918382      5120.00
      315.39     0.999817      6918440      5461.33
      317.44     0.999829      6918526      5851.43
      319.49     0.999841      6918595      6301.54
      321.54     0.999854      6918671      6826.67
      325.63     0.999866      6918786      7447.27
      329.73     0.999878      6918855      8192.00
      331.77     0.999884      6918909      8623.16
      333.82     0.999890      6918970      9102.22
      333.82     0.999896      6918970      9637.65
      335.87     0.999902      6919029     10240.00
      337.92     0.999908      6919082     10922.67
      339.97     0.999915      6919135     11702.86
      339.97     0.999921      6919135     12603.08
      342.01     0.999927      6919178     13653.33
      346.11     0.999933      6919227     14894.55
      350.21     0.999939      6919285     16384.00
      350.21     0.999942      6919285     17246.32
      352.25     0.999945      6919311     18204.44
      354.30     0.999948      6919347     19275.29
      354.30     0.999951      6919347     20480.00
      358.40     0.999954      6919386     21845.33
      360.45     0.999957      6919411     23405.71
      360.45     0.999960      6919411     25206.15
      362.50     0.999963      6919435     27306.67
      366.59     0.999966      6919465     29789.09
      368.64     0.999969      6919477     32768.00
      370.69     0.999971      6919489     34492.63
      372.74     0.999973      6919500     36408.89
      374.78     0.999974      6919509     38550.59
      380.93     0.999976      6919526     40960.00
      380.93     0.999977      6919526     43690.67
      382.98     0.999979      6919550     46811.43
      382.98     0.999980      6919550     50412.31
      385.02     0.999982      6919564     54613.33
      387.07     0.999983      6919578     59578.18
      389.12     0.999985      6919593     65536.00
      389.12     0.999986      6919593     68985.26
      389.12     0.999986      6919593     72817.78
      391.17     0.999987      6919604     77101.18
      391.17     0.999988      6919604     81920.00
      393.21     0.999989      6919611     87381.33
      393.21     0.999989      6919611     93622.86
      397.31     0.999990      6919620    100824.62
      399.36     0.999991      6919627    109226.67
      399.36     0.999992      6919627    119156.36
      405.50     0.999992      6919632    131072.00
      425.98     0.999993      6919636    137970.53
      430.08     0.999993      6919638    145635.56
      432.13     0.999994      6919644    154202.35
      432.13     0.999994      6919644    163840.00
      434.18     0.999994      6919647    174762.67
      436.22     0.999995      6919650    187245.71
      436.22     0.999995      6919650    201649.23
      438.27     0.999995      6919657    218453.33
      438.27     0.999996      6919657    238312.73
      440.32     0.999996      6919659    262144.00
      440.32     0.999996      6919659    275941.05
      448.51     0.999997      6919669    291271.11
      448.51     0.999997      6919669    308404.71
      448.51     0.999997      6919669    327680.00
      448.51     0.999997      6919669    349525.33
      448.51     0.999997      6919669    374491.43
      448.51     0.999998      6919669    403298.46
      448.51     0.999998      6919669    436906.67
      450.56     0.999998      6919671    476625.45
      450.56     0.999998      6919671    524288.00
      468.99     0.999998      6919675    551882.11
      468.99     0.999998      6919675    582542.22
      468.99     0.999998      6919675    616809.41
      468.99     0.999998      6919675    655360.00
      468.99     0.999999      6919675    699050.67
      468.99     0.999999      6919675    748982.86
      477.18     0.999999      6919676    806596.92
      512.00     0.999999      6919683    873813.33
      512.00     0.999999      6919683    953250.91
      512.00     0.999999      6919683   1048576.00
      512.00     0.999999      6919683   1103764.21
      512.00     0.999999      6919683   1165084.44
      512.00     0.999999      6919683   1233618.82
      512.00     0.999999      6919683   1310720.00
      512.00     0.999999      6919683   1398101.33
      512.00     0.999999      6919683   1497965.71
      512.00     0.999999      6919683   1613193.85
      512.00     0.999999      6919683   1747626.67
      512.00     0.999999      6919683   1906501.82
      512.00     1.000000      6919683   2097152.00
      512.00     1.000000      6919683   2207528.42
      512.00     1.000000      6919683   2330168.89
      512.00     1.000000      6919683   2467237.65
      512.00     1.000000      6919683   2621440.00
      512.00     1.000000      6919683   2796202.67
      512.00     1.000000      6919683   2995931.43
      512.00     1.000000      6919683   3226387.69
      512.00     1.000000      6919683   3495253.33
      512.00     1.000000      6919683   3813003.64
      512.00     1.000000      6919683   4194304.00
      512.00     1.000000      6919683   4415056.84
      512.00     1.000000      6919683   4660337.78
      512.00     1.000000      6919683   4934475.29
      512.00     1.000000      6919683   5242880.00
      512.00     1.000000      6919683   5592405.33
      512.00     1.000000      6919683   5991862.86
      512.00     1.000000      6919683   6452775.39
      557.05     1.000000      6919684   6990506.67
      557.05     1.000000      6919684          inf
#[Mean    =       15.739, StdDeviation   =       19.234]
#[Max     =      557.055, Total count    =      6919684]
#[Buckets =           10, SubBuckets     =          256]
