       Value   Percentile   TotalCount 1/(1-Percentile)

        0.15     0.000000            1         1.00
        3.68     0.050000       382595         1.05
        5.63     0.100000       761515         1.11
        7.17     0.150000      1147693         1.18
        7.97     0.200000      1523460         1.25
        8.57     0.250000      1976605         1.33
        8.83     0.300000      2364095         1.43
        8.96     0.350000      2777315         1.54
        9.09     0.400000      3192993         1.67
        9.34     0.450000      3470295         1.82
        9.92     0.500000      3819468         2.00
       10.56     0.525000      4002558         2.11
       11.58     0.550000      4187190         2.22
       12.61     0.575000      4386865         2.35
       13.44     0.600000      4568333         2.50
       14.46     0.625000      4759892         2.67
       15.49     0.650000      4956161         2.86
       16.25     0.675000      5143980         3.08
       16.89     0.700000      5345455         3.33
       17.28     0.725000      5521466         3.64
       18.30     0.750000      5724842         4.00
       18.82     0.762500      5804416         4.21
       19.45     0.775000      5905409         4.44
       20.09     0.787500      6021697         4.71
       20.48     0.800000      6092206         5.00
       20.99     0.812500      6204759         5.33
       21.25     0.825000      6290223         5.71
       21.76     0.837500      6380589         6.15
       22.53     0.850000      6482956         6.67
       23.42     0.862500      6565945         7.27
       24.57     0.875000      6666117         8.00
       25.09     0.881250      6715748         8.42
       25.60     0.887500      6764981         8.89
       26.24     0.893750      6810458         9.41
       27.01     0.900000      6856787        10.00
       27.77     0.906250      6899518        10.67
       28.67     0.912500      6953628        11.43
       29.18     0.918750      6995611        12.31
       29.95     0.925000      7043535        13.33
       30.98     0.931250      7093776        14.55
       32.00     0.937500      7138732        16.00
       32.51     0.940625      7160309        16.84
       33.02     0.943750      7184046        17.78
       33.79     0.946875      7214334        18.82
       34.56     0.950000      7234937        20.00
       35.58     0.953125      7257834        21.33
       36.61     0.956250      7279971        22.86
       37.63     0.959375      7304290        24.62
       39.17     0.962500      7329501        26.67
       40.70     0.965625      7353101        29.09
       42.24     0.968750      7374975        32.00
       43.52     0.970313      7387173        33.68
       44.80     0.971875      7398800        35.56
       46.34     0.973437      7411081        37.65
       48.38     0.975000      7422676        40.00
       50.69     0.976562      7434441        42.67
       53.50     0.978125      7446380        45.71
       56.83     0.979688      7457865        49.23
       60.93     0.981250      7469124        53.33
       66.56     0.982812      7481011        58.18
       73.22     0.984375      7493521        64.00
       76.80     0.985156      7498981        67.37
       81.41     0.985938      7505357        71.11
       86.02     0.986719      7511330        75.29
       90.62     0.987500      7517045        80.00
       95.23     0.988281      7522571        85.33
      100.35     0.989062      7528701        91.43
      105.47     0.989844      7534468        98.46
      111.61     0.990625      7540841       106.67
      117.25     0.991406      7546661       116.36
      123.39     0.992188      7552535       128.00
      126.46     0.992578      7555421       134.74
      129.53     0.992969      7558243       142.22
      133.12     0.993359      7561371       150.59
      137.22     0.993750      7564709       160.00
      140.29     0.994141      7567160       170.67
      144.38     0.994531      7570459       182.86
      148.48     0.994922      7573289       196.92
      153.60     0.995313      7576576       213.33
      158.72     0.995703      7579381       232.73
      163.84     0.996094      7582031       256.00
      166.91     0.996289      7583584       269.47
      169.98     0.996484      7585195       284.44
      173.06     0.996680      7586515       301.18
      177.15     0.996875      7588189       320.00
      181.25     0.997070      7589575       341.33
      186.37     0.997266      7591304       365.71
      190.46     0.997461      7592753       393.85
      194.56     0.997656      7593975       426.67
      199.68     0.997852      7595416       465.45
      206.85     0.998047      7597100       512.00
      209.92     0.998145      7597892       538.95
      211.97     0.998242      7598461       568.89
      215.04     0.998340      7599212       602.35
      218.11     0.998437      7599927       640.00
      221.18     0.998535      7600619       682.67
      225.28     0.998633      7601372       731.43
      229.38     0.998730      7602144       787.69
      233.47     0.998828      7603004       853.33
      236.54     0.998926      7603594       930.91
      240.64     0.999023      7604349      1024.00
      243.71     0.999072      7604758      1077.89
      246.78     0.999121      7605193      1137.78
      248.83     0.999170      7605484      1204.71
      251.90     0.999219      7605843      1280.00
      256.00     0.999268      7606234      1365.33
      259.07     0.999316      7606563      1462.86
      264.19     0.999365      7607060      1575.38
      268.29     0.999414      7607477      1706.67
      270.33     0.999463      7607674      1861.82
      276.48     0.999512      7608215      2048.00
      278.53     0.999536      7608373      2155.79
      280.57     0.999561      7608465      2275.56
      284.67     0.999585      7608695      2409.41
      286.72     0.999609      7608842      2560.00
      288.77     0.999634      7608983      2730.67
      292.86     0.999658      7609224      2925.71
      294.91     0.999683      7609347      3150.77
      299.01     0.999707      7609623      3413.33
      301.06     0.999731      7609778      3723.64
      303.10     0.999756      7609918      4096.00
      305.15     0.999768      7609999      4311.58
      307.20     0.999780      7610081      4551.11
      311.30     0.999792      7610240      4818.82
      313.34     0.999805      7610332      5120.00
      315.39     0.999817      7610400      5461.33
      317.44     0.999829      7610497      5851.43
      319.49     0.999841      7610577      6301.54
      321.54     0.999854      7610658      6826.67
      325.63     0.999866      7610789      7447.27
      327.68     0.999878      7610824      8192.00
      331.77     0.999884      7610918      8623.16
      331.77     0.999890      7610918      9102.22
      333.82     0.999896      7610982      9637.65
      335.87     0.999902      7611046     10240.00
      337.92     0.999908      7611101     10922.67
      339.97     0.999915      7611163     11702.86
      339.97     0.999921      7611163     12603.08
      342.01     0.999927      7611208     13653.33
      346.11     0.999933      7611257     14894.55
      348.16     0.999939      7611292     16384.00
      350.21     0.999942      7611318     17246.32
      352.25     0.999945      7611348     18204.44
      354.30     0.999948      7611388     19275.29
      354.30     0.999951      7611388     20480.00
      356.35     0.999954      7611411     21845.33
      358.40     0.999957      7611433     23405.71
      360.45     0.999960      7611458     25206.15
      362.50     0.999963      7611486     27306.67
      364.54     0.999966      7611500     29789.09
      368.64     0.999969      7611530     32768.00
      370.69     0.999971      7611542     34492.63
      372.74     0.999973      7611554     36408.89
      374.78     0.999974      7611563     38550.59
      378.88     0.999976      7611569     40960.00
      380.93     0.999977      7611582     43690.67
      382.98     0.999979      7611607     46811.43
      382.98     0.999980      7611607     50412.31
      385.02     0.999982      7611621     54613.33
      387.07     0.999983      7611636     59578.18
      389.12     0.999985      7611651     65536.00
      389.12     0.999986      7611651     68985.26
      389.12     0.999986      7611651     72817.78
      391.17     0.999987      7611664     77101.18
      391.17     0.999988      7611664     81920.00
      393.21     0.999989      7611671     87381.33
      395.26     0.999989      7611673     93622.86
      397.31     0.999990      7611681    100824.62
      399.36     0.999991      7611688    109226.67
      403.45     0.999992      7611690    119156.36
      411.65     0.999992      7611696    131072.00
      425.98     0.999993      7611699    137970.53
      430.08     0.999993      7611701    145635.56
      432.13     0.999994      7611707    154202.35
      432.13     0.999994      7611707    163840.00
      434.18     0.999994      7611710    174762.67
      436.22     0.999995      7611713    187245.71
      438.27     0.999995      7611723    201649.23
      438.27     0.999995      7611723    218453.33
      438.27     0.999996      7611723    238312.73
      440.32     0.999996      7611725    262144.00
      446.46     0.999996      7611726    275941.05
      448.51     0.999997      7611737    291271.11
      448.51     0.999997      7611737    308404.71
      448.51     0.999997      7611737    327680.00
      448.51     0.999997      7611737    349525.33
      448.51     0.999997      7611737    374491.43
      448.51     0.999998      7611737    403298.46
      448.51     0.999998      7611737    436906.67
      450.56     0.999998      7611739    476625.45
      450.56     0.999998      7611739    524288.00
      468.99     0.999998      7611744    551882.11
      468.99     0.999998      7611744    582542.22
      468.99     0.999998      7611744    616809.41
      468.99     0.999998      7611744    655360.00
      468.99     0.999999      7611744    699050.67
      468.99     0.999999      7611744    748982.86
      468.99     0.999999      7611744    806596.92
      477.18     0.999999      7611745    873813.33
      512.00     0.999999      7611752    953250.91
      512.00     0.999999      7611752   1048576.00
      512.00     0.999999      7611752   1103764.21
      512.00     0.999999      7611752   1165084.44
      512.00     0.999999      7611752   1233618.82
      512.00     0.999999      7611752   1310720.00
      512.00     0.999999      7611752   1398101.33
      512.00     0.999999      7611752   1497965.71
      512.00     0.999999      7611752   1613193.85
      512.00     0.999999      7611752   1747626.67
      512.00     0.999999      7611752   1906501.82
      512.00     1.000000      7611752   2097152.00
      512.00     1.000000      7611752   2207528.42
      512.00     1.000000      7611752   2330168.89
      512.00     1.000000      7611752   2467237.65
      512.00     1.000000      7611752   2621440.00
      512.00     1.000000      7611752   2796202.67
      512.00     1.000000      7611752   2995931.43
      512.00     1.000000      7611752   3226387.69
      512.00     1.000000      7611752   3495253.33
      512.00     1.000000      7611752   3813003.64
      512.00     1.000000      7611752   4194304.00
      512.00     1.000000      7611752   4415056.84
      512.00     1.000000      7611752   4660337.78
      512.00     1.000000      7611752   4934475.29
      512.00     1.000000      7611752   5242880.00
      512.00     1.000000      7611752   5592405.33
      512.00     1.000000      7611752   5991862.86
      512.00     1.000000      7611752   6452775.39
      512.00     1.000000      7611752   6990506.67
      557.05     1.000000      7611753   7626007.28
      557.05     1.000000      7611753          inf
#[Mean    =       15.736, StdDeviation   =       19.219]
#[Max     =      557.055, Total count    =      7611753]
#[Buckets =           10, SubBuckets     =          256]
