       Value   Percentile   TotalCount 1/(1-Percentile)

        0.16     0.000000            1         1.00
        3.57     0.050000       434475         1.05
        5.38     0.100000       870165         1.11
        7.04     0.150000      1304702         1.18
        7.74     0.200000      1740057         1.25
        8.32     0.250000      2239543         1.33
        8.57     0.300000      2628184         1.43
        8.89     0.350000      3085057         1.54
        9.02     0.400000      3518804         1.67
        9.15     0.450000      3922055         1.82
        9.41     0.500000      4337471         2.00
        9.73     0.525000      4586873         2.11
        9.92     0.550000      4763966         2.22
       10.43     0.575000      4992701         2.35
       11.07     0.600000      5199707         2.50
       12.10     0.625000      5422787         2.67
       12.99     0.650000      5631659         2.86
       13.95     0.675000      5852569         3.08
       15.04     0.700000      6064285         3.33
       16.06     0.725000      6299853         3.64
       16.64     0.750000      6529154         4.00
       16.89     0.762500      6621377         4.21
       17.15     0.775000      6739934         4.44
       17.41     0.787500      6831423         4.71
       17.92     0.800000      6931838         5.00
       18.69     0.812500      7055114         5.33
       19.33     0.825000      7149261         5.71
       20.09     0.837500      7280123         6.15
       20.61     0.850000      7386555         6.67
       20.99     0.862500      7482109         7.27
       21.38     0.875000      7602999         8.00
       21.63     0.881250      7649764         8.42
       21.89     0.887500      7687184         8.89
       22.40     0.893750      7750977         9.41
       22.91     0.900000      7795521        10.00
       23.68     0.906250      7849985        10.67
       24.45     0.912500      7908832        11.43
       25.09     0.918750      7964925        12.31
       25.73     0.925000      8016281        13.33
       26.75     0.931250      8068360        14.55
       28.03     0.937500      8125804        16.00
       28.54     0.940625      8152138        16.84
       28.93     0.943750      8176607        17.78
       29.31     0.946875      8203419        18.82
       29.70     0.950000      8227458        20.00
       30.34     0.953125      8254401        21.33
       31.10     0.956250      8284664        22.86
       31.87     0.959375      8311587        24.62
       32.64     0.962500      8338645        26.67
       33.53     0.965625      8372254        29.09
       34.56     0.968750      8392803        32.00
       35.33     0.970313      8404546        33.68
       36.35     0.971875      8419820        35.56
       37.12     0.973437      8430102        37.65
       38.14     0.975000      8443744        40.00
       39.68     0.976562      8457661        42.67
       41.47     0.978125      8471122        45.71
       43.77     0.979688      8484991        49.23
       46.85     0.981250      8498103        53.33
       50.43     0.982812      8511239        58.18
       55.04     0.984375      8524769        64.00
       57.85     0.985156      8531776        67.37
       60.67     0.985938      8538623        71.11
       63.49     0.986719      8545319        75.29
       66.56     0.987500      8551797        80.00
       70.14     0.988281      8558862        85.33
       74.24     0.989062      8565573        91.43
       78.85     0.989844      8572359        98.46
       84.48     0.990625      8579206       106.67
       90.11     0.991406      8586086       116.36
       95.74     0.992188      8592545       128.00
       98.81     0.992578      8595943       134.74
      101.89     0.992969      8599227       142.22
      104.96     0.993359      8602622       150.59
      108.54     0.993750      8606200       160.00
      112.13     0.994141      8609721       170.67
      115.20     0.994531      8612752       182.86
      118.78     0.994922      8616206       196.92
      122.37     0.995313      8619860       213.33
      125.95     0.995703      8623208       232.73
      129.53     0.996094      8626288       256.00
      132.09     0.996289      8628325       269.47
      134.14     0.996484      8629696       284.44
      137.22     0.996680      8631704       301.18
      139.26     0.996875      8633123       320.00
      142.34     0.997070      8635028       341.33
      145.41     0.997266      8636781       365.71
      148.48     0.997461      8638317       393.85
      151.55     0.997656      8639750       426.67
      155.65     0.997852      8641573       465.45
      159.74     0.998047      8643101       512.00
      162.81     0.998145      8644233       538.95
      164.86     0.998242      8644940       568.89
      166.91     0.998340      8645627       602.35
      169.98     0.998437      8646540       640.00
      173.06     0.998535      8647388       682.67
      176.13     0.998633      8648244       731.43
      180.22     0.998730      8649180       787.69
      183.29     0.998828      8649878       853.33
      187.39     0.998926      8650878       930.91
      190.46     0.999023      8651587      1024.00
      192.51     0.999072      8651985      1077.89
      194.56     0.999121      8652420      1137.78
      196.61     0.999170      8652796      1204.71
      199.68     0.999219      8653421      1280.00
      201.73     0.999268      8653843      1365.33
      203.78     0.999316      8654244      1462.86
      205.82     0.999365      8654667      1575.38
      207.87     0.999414      8655007      1706.67
      210.94     0.999463      8655488      1861.82
      212.99     0.999512      8655819      2048.00
      214.01     0.999536      8655970      2155.79
      216.06     0.999561      8656236      2275.56
      218.11     0.999585      8656480      2409.41
      219.13     0.999609      8656617      2560.00
      221.18     0.999634      8656881      2730.67
      223.23     0.999658      8657145      2925.71
      224.25     0.999683      8657266      3150.77
      226.30     0.999707      8657488      3413.33
      229.38     0.999731      8657709      3723.64
      232.45     0.999756      8657931      4096.00
      233.47     0.999768      8658022      4311.58
      234.50     0.999780      8658123      4551.11
      235.52     0.999792      8658222      4818.82
      236.54     0.999805      8658296      5120.00
      239.62     0.999817      8658442      5461.33
      241.66     0.999829      8658530      5851.43
      243.71     0.999841      8658617      6301.54
      246.78     0.999854      8658748      6826.67
      248.83     0.999866      8658825      7447.27
      251.90     0.999878      8658963      8192.00
      252.93     0.999884      8659007      8623.16
      253.95     0.999890      8659044      9102.22
      256.00     0.999896      8659095      9637.65
      258.05     0.999902      8659150     10240.00
      260.10     0.999908      8659211     10922.67
      262.14     0.999915      8659264     11702.86
      264.19     0.999921      8659318     12603.08
      266.24     0.999927      8659369     13653.33
      268.29     0.999933      8659414     14894.55
      272.38     0.999939      8659457     16384.00
      276.48     0.999942      8659502     17246.32
      278.53     0.999945      8659517     18204.44
      280.57     0.999948      8659538     19275.29
      282.62     0.999951      8659570     20480.00
      284.67     0.999954      8659594     21845.33
      286.72     0.999957      8659625     23405.71
      288.77     0.999960      8659644     25206.15
      294.91     0.999963      8659673     27306.67
      299.01     0.999966      8659710     29789.09
      307.20     0.999969      8659730     32768.00
      309.25     0.999971      8659761     34492.63
      309.25     0.999973      8659761     36408.89
      309.25     0.999974      8659761     38550.59
      311.30     0.999976      8659778     40960.00
      315.39     0.999977      8659785     43690.67
      325.63     0.999979      8659799     46811.43
      333.82     0.999980      8659813     50412.31
      337.92     0.999982      8659832     54613.33
      339.97     0.999983      8659843     59578.18
      342.01     0.999985      8659853     65536.00
      344.06     0.999986      8659860     68985.26
      346.11     0.999986      8659866     72817.78
      354.30     0.999987      8659875     77101.18
      356.35     0.999988      8659888     81920.00
      356.35     0.999989      8659888     87381.33
      358.40     0.999989      8659903     93622.86
      358.40     0.999990      8659903    100824.62
      360.45     0.999991      8659909    109226.67
      376.83     0.999992      8659913    119156.36
      378.88     0.999992      8659918    131072.00
      380.93     0.999993      8659922    137970.53
      387.07     0.999993      8659930    145635.56
      387.07     0.999994      8659930    154202.35
      389.12     0.999994      8659935    163840.00
      389.12     0.999994      8659935    174762.67
      393.21     0.999995      8659942    187245.71
      393.21     0.999995      8659942    201649.23
      395.26     0.999995      8659946    218453.33
      397.31     0.999996      8659952    238312.73
      397.31     0.999996      8659952    262144.00
      397.31     0.999996      8659952    275941.05
      399.36     0.999997      8659958    291271.11
      399.36     0.999997      8659958    308404.71
      399.36     0.999997      8659958    327680.00
      401.41     0.999997      8659962    349525.33
      401.41     0.999997      8659962    374491.43
      401.41     0.999998      8659962    403298.46
      415.74     0.999998      8659969    436906.67
      415.74     0.999998      8659969    476625.45
      415.74     0.999998      8659969    524288.00
      415.74     0.999998      8659969    551882.11
      415.74     0.999998      8659969    582542.22
      415.74     0.999998      8659969    616809.41
      417.79     0.999998      8659971    655360.00
      417.79     0.999999      8659971    699050.67
      423.94     0.999999      8659975    748982.86
      423.94     0.999999      8659975    806596.92
      423.94     0.999999      8659975    873813.33
      423.94     0.999999      8659975    953250.91
      423.94     0.999999      8659975   1048576.00
      438.27     0.999999      8659982   1103764.21
      438.27     0.999999      8659982   1165084.44
      438.27     0.999999      8659982   1233618.82
      438.27     0.999999      8659982   1310720.00
      438.27     0.999999      8659982   1398101.33
      438.27     0.999999      8659982   1497965.71
      438.27     0.999999      8659982   1613193.85
      438.27     0.999999      8659982   1747626.67
      438.27     0.999999      8659982   1906501.82
      438.27     1.000000      8659982   2097152.00
      438.27     1.000000      8659982   2207528.42
      438.27     1.000000      8659982   2330168.89
      438.27     1.000000      8659982   2467237.65
      438.27     1.000000      8659982   2621440.00
      438.27     1.000000      8659982   2796202.67
      438.27     1.000000      8659982   2995931.43
      438.27     1.000000      8659982   3226387.69
      438.27     1.000000      8659982   3495253.33
      438.27     1.000000      8659982   3813003.64
      438.27     1.000000      8659982   4194304.00
      438.27     1.000000      8659982   4415056.84
      438.27     1.000000      8659982   4660337.78
      438.27     1.000000      8659982   4934475.29
      438.27     1.000000      8659982   5242880.00
      438.27     1.000000      8659982   5592405.33
      438.27     1.000000      8659982   5991862.86
      438.27     1.000000      8659982   6452775.39
      438.27     1.000000      8659982   6990506.67
      438.27     1.000000      8659982   7626007.28
      438.27     1.000000      8659982   8388608.00
      440.32     1.000000      8659983   8830113.68
      440.32     1.000000      8659983          inf
#[Mean    =       13.837, StdDeviation   =       14.930]
#[Max     =      440.319, Total count    =      8659983]
#[Buckets =           10, SubBuckets     =          256]
