       Value   Percentile   TotalCount 1/(1-Percentile)

        0.16     0.000000            1         1.00
        3.57     0.050000        39379         1.05
        5.38     0.100000        78786         1.11
        7.04     0.150000       118504         1.18
        7.74     0.200000       158027         1.25
        8.32     0.250000       202985         1.33
        8.57     0.300000       238415         1.43
        8.89     0.350000       279887         1.54
        9.02     0.400000       319305         1.67
        9.15     0.450000       356354         1.82
        9.41     0.500000       394121         2.00
        9.73     0.525000       416881         2.11
        9.92     0.550000       433121         2.22
       10.43     0.575000       453883         2.35
       11.07     0.600000       472571         2.50
       12.10     0.625000       492935         2.67
       12.99     0.650000       512078         2.86
       13.95     0.675000       531890         3.08
       15.04     0.700000       551458         3.33
       16.06     0.725000       572954         3.64
       16.64     0.750000       594033         4.00
       16.89     0.762500       602348         4.21
       17.15     0.775000       613181         4.44
       17.41     0.787500       621490         4.71
       17.92     0.800000       630494         5.00
       18.56     0.812500       639959         5.33
       19.33     0.825000       650136         5.71
       20.09     0.837500       661931         6.15
       20.61     0.850000       671591         6.67
       20.99     0.862500       680326         7.27
       21.38     0.875000       691319         8.00
       21.63     0.881250       695599         8.42
       21.89     0.887500       698950         8.89
       22.40     0.893750       704747         9.41
       22.91     0.900000       708765        10.00
       23.68     0.906250       713662        10.67
       24.45     0.912500       719011        11.43
       25.09     0.918750       724119        12.31
       25.73     0.925000       728857        13.33
       26.75     0.931250       733533        14.55
       28.03     0.937500       738824        16.00
       28.54     0.940625       741284        16.84
       28.93     0.943750       743510        17.78
       29.31     0.946875       745969        18.82
       29.70     0.950000       748168        20.00
       30.34     0.953125       750676        21.33
       30.98     0.956250       752974        22.86
       31.74     0.959375       755426        24.62
       32.51     0.962500       757944        26.67
       33.28     0.965625       760557        29.09
       34.30     0.968750       762858        32.00
       35.33     0.970313       764277        33.68
       36.09     0.971875       765366        35.56
       37.12     0.973437       766682        37.65
       38.14     0.975000       767895        40.00
       39.42     0.976562       768956        42.67
       41.47     0.978125       770317        45.71
       43.52     0.979688       771488        49.23
       46.59     0.981250       772667        53.33
       49.92     0.982812       773844        58.18
       54.53     0.984375       775079        64.00
       57.34     0.985156       775712        67.37
       60.16     0.985938       776323        71.11
       62.98     0.986719       776909        75.29
       66.56     0.987500       777588        80.00
       69.63     0.988281       778157        85.33
       73.73     0.989062       778802        91.43
       78.33     0.989844       779387        98.46
       83.45     0.990625       779985       106.67
       89.09     0.991406       780593       116.36
       95.74     0.992188       781247       128.00
       98.81     0.992578       781563       134.74
      101.89     0.992969       781842       142.22
      104.96     0.993359       782161       150.59
      108.03     0.993750       782458       160.00
      111.61     0.994141       782787       170.67
      114.69     0.994531       783067       182.86
      118.27     0.994922       783376       196.92
      121.34     0.995313       783672       213.33
      124.93     0.995703       783984       232.73
      129.02     0.996094       784298       256.00
      131.07     0.996289       784459       269.47
      134.14     0.996484       784638       284.44
      136.19     0.996680       784748       301.18
      139.26     0.996875       784915       320.00
      142.34     0.997070       785082       341.33
      145.41     0.997266       785235       365.71
      148.48     0.997461       785376       393.85
      152.57     0.997656       785550       426.67
      155.65     0.997852       785669       465.45
      160.77     0.998047       785855       512.00
      162.81     0.998145       785922       538.95
      164.86     0.998242       785976       568.89
      167.94     0.998340       786077       602.35
      169.98     0.998437       786137       640.00
      173.06     0.998535       786213       682.67
      177.15     0.998633       786298       731.43
      180.22     0.998730       786361       787.69
      185.34     0.998828       786451       853.33
      188.41     0.998926       786516       930.91
      192.51     0.999023       786600      1024.00
      194.56     0.999072       786646      1077.89
      196.61     0.999121       786679      1137.78
      198.66     0.999170       786719      1204.71
      199.68     0.999219       786746      1280.00
      201.73     0.999268       786795      1365.33
      203.78     0.999316       786835      1462.86
      205.82     0.999365       786877      1575.38
      207.87     0.999414       786902      1706.67
      210.94     0.999463       786945      1861.82
      212.99     0.999512       786978      2048.00
      215.04     0.999536       787002      2155.79
      217.09     0.999561       787022      2275.56
      218.11     0.999585       787034      2409.41
      220.16     0.999609       787054      2560.00
      222.21     0.999634       787080      2730.67
      223.23     0.999658       787093      2925.71
      225.28     0.999683       787118      3150.77
      226.30     0.999707       787134      3413.33
      228.35     0.999731       787148      3723.64
      231.42     0.999756       787168      4096.00
      232.45     0.999768       787178      4311.58
      233.47     0.999780       787189      4551.11
      234.50     0.999792       787204      4818.82
      235.52     0.999805       787216      5120.00
      235.52     0.999817       787216      5461.33
      238.59     0.999829       787227      5851.43
      241.66     0.999841       787238      6301.54
      244.74     0.999854       787247      6826.67
      245.76     0.999866       787254      7447.27
      247.81     0.999878       787265      8192.00
      248.83     0.999884       787268      8623.16
      250.88     0.999890       787274      9102.22
      252.93     0.999896       787282      9637.65
      253.95     0.999902       787285     10240.00
      254.97     0.999908       787289     10922.67
      258.05     0.999915       787295     11702.86
      259.07     0.999921       787300     12603.08
      260.10     0.999927       787302     13653.33
      264.19     0.999933       787308     14894.55
      266.24     0.999939       787311     16384.00
      268.29     0.999942       787316     17246.32
      268.29     0.999945       787316     18204.44
      272.38     0.999948       787319     19275.29
      274.43     0.999951       787322     20480.00
      276.48     0.999954       787326     21845.33
      276.48     0.999957       787326     23405.71
      278.53     0.999960       787328     25206.15
      280.57     0.999963       787332     27306.67
      282.62     0.999966       787333     29789.09
      284.67     0.999969       787336     32768.00
      286.72     0.999971       787338     34492.63
      286.72     0.999973       787338     36408.89
      288.77     0.999974       787339     38550.59
      301.06     0.999976       787340     40960.00
      307.20     0.999977       787341     43690.67
      309.25     0.999979       787343     46811.43
      313.34     0.999980       787344     50412.31
      327.68     0.999982       787345     54613.33
      335.87     0.999983       787346     59578.18
      339.97     0.999985       787348     65536.00
      339.97     0.999986       787348     68985.26
      346.11     0.999986       787349     72817.78
      346.11     0.999987       787349     77101.18
      356.35     0.999988       787350     81920.00
      356.35     0.999989       787350     87381.33
      358.40     0.999989       787353     93622.86
      358.40     0.999990       787353    100824.62
      358.40     0.999991       787353    109226.67
      358.40     0.999992       787353    119156.36
      358.40     0.999992       787353    131072.00
      376.83     0.999993       787354    137970.53
      376.83     0.999993       787354    145635.56
      376.83     0.999994       787354    154202.35
      387.07     0.999994       787355    163840.00
      387.07     0.999994       787355    174762.67
      387.07     0.999995       787355    187245.71
      399.36     0.999995       787356    201649.23
      399.36     0.999995       787356    218453.33
      399.36     0.999996       787356    238312.73
      399.36     0.999996       787356    262144.00
      423.94     0.999996       787358    275941.05
      423.94     0.999997       787358    291271.11
      423.94     0.999997       787358    308404.71
      423.94     0.999997       787358    327680.00
      423.94     0.999997       787358    349525.33
      423.94     0.999997       787358    374491.43
      423.94     0.999998       787358    403298.46
      423.94     0.999998       787358    436906.67
      423.94     0.999998       787358    476625.45
      423.94     0.999998       787358    524288.00
      423.94     0.999998       787358    551882.11
      423.94     0.999998       787358    582542.22
      423.94     0.999998       787358    616809.41
      423.94     0.999998       787358    655360.00
      423.94     0.999999       787358    699050.67
      423.94     0.999999       787358    748982.86
      438.27     0.999999       787359    806596.92
      438.27     1.000000       787359          inf
#[Mean    =       13.828, StdDeviation   =       14.888]
#[Max     =      438.271, Total count    =       787359]
#[Buckets =           10, SubBuckets     =          256]
