       Value   Percentile   TotalCount 1/(1-Percentile)

        0.17     0.000000            3         1.00
        3.57     0.050000       395096         1.05
        5.38     0.100000       791379         1.11
        7.04     0.150000      1186198         1.18
        7.74     0.200000      1582030         1.25
        8.32     0.250000      2036558         1.33
        8.57     0.300000      2389769         1.43
        8.89     0.350000      2805170         1.54
        9.02     0.400000      3199499         1.67
        9.15     0.450000      3565701         1.82
        9.41     0.500000      3943350         2.00
        9.73     0.525000      4169992         2.11
        9.92     0.550000      4330845         2.22
       10.43     0.575000      4538818         2.35
       11.07     0.600000      4727136         2.50
       12.10     0.625000      4929852         2.67
       12.99     0.650000      5119581         2.86
       13.95     0.675000      5320679         3.08
       15.04     0.700000      5512827         3.33
       16.06     0.725000      5726899         3.64
       16.64     0.750000      5935121         4.00
       16.89     0.762500      6019029         4.21
       17.15     0.775000      6126753         4.44
       17.41     0.787500      6209933         4.71
       17.92     0.800000      6301344         5.00
       18.69     0.812500      6413343         5.33
       19.33     0.825000      6499125         5.71
       20.09     0.837500      6618192         6.15
       20.61     0.850000      6714964         6.67
       20.99     0.862500      6801783         7.27
       21.38     0.875000      6911680         8.00
       21.63     0.881250      6954165         8.42
       21.89     0.887500      6988234         8.89
       22.40     0.893750      7046230         9.41
       22.91     0.900000      7086756        10.00
       23.68     0.906250      7136323        10.67
       24.45     0.912500      7189821        11.43
       25.09     0.918750      7240806        12.31
       25.73     0.925000      7287424        13.33
       26.75     0.931250      7334827        14.55
       28.03     0.937500      7386980        16.00
       28.54     0.940625      7410854        16.84
       28.93     0.943750      7433097        17.78
       29.31     0.946875      7457450        18.82
       29.70     0.950000      7479290        20.00
       30.34     0.953125      7503725        21.33
       31.10     0.956250      7531304        22.86
       31.87     0.959375      7555718        24.62
       32.64     0.962500      7580266        26.67
       33.53     0.965625      7610794        29.09
       34.56     0.968750      7629573        32.00
       35.33     0.970313      7640269        33.68
       36.35     0.971875      7654104        35.56
       37.38     0.973437      7667116        37.65
       38.14     0.975000      7675849        40.00
       39.68     0.976562      7688503        42.67
       41.47     0.978125      7700805        45.71
       43.77     0.979688      7713412        49.23
       46.85     0.981250      7725348        53.33
       50.69     0.982812      7738009        58.18
       55.30     0.984375      7750128        64.00
       57.85     0.985156      7755945        67.37
       60.67     0.985938      7762186        71.11
       63.49     0.986719      7768320        75.29
       67.07     0.987500      7775197        80.00
       70.14     0.988281      7780616        85.33
       74.24     0.989062      7786705        91.43
       78.85     0.989844      7792903        98.46
       84.48     0.990625      7799099       106.67
       90.11     0.991406      7805385       116.36
       95.74     0.992188      7811298       128.00
       98.81     0.992578      7814380       134.74
      101.89     0.992969      7817385       142.22
      104.96     0.993359      7820461       150.59
      108.54     0.993750      7823693       160.00
      112.13     0.994141      7826881       170.67
      115.20     0.994531      7829655       182.86
      118.78     0.994922      7832785       196.92
      122.37     0.995313      7836098       213.33
      125.95     0.995703      7839147       232.73
      129.53     0.996094      7841953       256.00
      132.09     0.996289      7843818       269.47
      134.14     0.996484      7845058       284.44
      137.22     0.996680      7846907       301.18
      139.26     0.996875      7848208       320.00
      142.34     0.997070      7849946       341.33
      145.41     0.997266      7851546       365.71
      148.48     0.997461      7852941       393.85
      151.55     0.997656      7854240       426.67
      155.65     0.997852      7855904       465.45
      159.74     0.998047      7857284       512.00
      162.81     0.998145      7858311       538.95
      164.86     0.998242      7858964       568.89
      166.91     0.998340      7859584       602.35
      169.98     0.998437      7860403       640.00
      173.06     0.998535      7861175       682.67
      176.13     0.998633      7861965       731.43
      180.22     0.998730      7862819       787.69
      183.29     0.998828      7863460       853.33
      187.39     0.998926      7864387       930.91
      190.46     0.999023      7865024      1024.00
      192.51     0.999072      7865385      1077.89
      194.56     0.999121      7865774      1137.78
      196.61     0.999170      7866117      1204.71
      198.66     0.999219      7866487      1280.00
      200.70     0.999268      7866860      1365.33
      203.78     0.999316      7867409      1462.86
      205.82     0.999365      7867790      1575.38
      207.87     0.999414      7868105      1706.67
      209.92     0.999463      7868399      1861.82
      212.99     0.999512      7868841      2048.00
      214.01     0.999536      7868979      2155.79
      216.06     0.999561      7869225      2275.56
      218.11     0.999585      7869446      2409.41
      219.13     0.999609      7869572      2560.00
      221.18     0.999634      7869813      2730.67
      222.21     0.999658      7869940      2925.71
      224.25     0.999683      7870163      3150.77
      226.30     0.999707      7870354      3413.33
      229.38     0.999731      7870555      3723.64
      232.45     0.999756      7870753      4096.00
      233.47     0.999768      7870833      4311.58
      234.50     0.999780      7870919      4551.11
      235.52     0.999792      7871006      4818.82
      237.57     0.999805      7871122      5120.00
      239.62     0.999817      7871211      5461.33
      241.66     0.999829      7871292      5851.43
      244.74     0.999841      7871411      6301.54
      246.78     0.999854      7871487      6826.67
      249.85     0.999866      7871596      7447.27
      251.90     0.999878      7871687      8192.00
      252.93     0.999884      7871725      8623.16
      254.97     0.999890      7871782      9102.22
      257.02     0.999896      7871826      9637.65
      259.07     0.999902      7871888     10240.00
      260.10     0.999908      7871909     10922.67
      262.14     0.999915      7871959     11702.86
      264.19     0.999921      7872010     12603.08
      266.24     0.999927      7872058     13653.33
      268.29     0.999933      7872098     14894.55
      274.43     0.999939      7872157     16384.00
      276.48     0.999942      7872176     17246.32
      280.57     0.999945      7872206     18204.44
      282.62     0.999948      7872237     19275.29
      284.67     0.999951      7872258     20480.00
      286.72     0.999954      7872287     21845.33
      288.77     0.999957      7872305     23405.71
      290.81     0.999960      7872315     25206.15
      296.96     0.999963      7872351     27306.67
      299.01     0.999966      7872371     29789.09
      307.20     0.999969      7872389     32768.00
      309.25     0.999971      7872418     34492.63
      309.25     0.999973      7872418     36408.89
      311.30     0.999974      7872435     38550.59
      311.30     0.999976      7872435     40960.00
      319.49     0.999977      7872444     43690.67
      327.68     0.999979      7872459     46811.43
      333.82     0.999980      7872468     50412.31
      337.92     0.999982      7872486     54613.33
      339.97     0.999983      7872495     59578.18
      342.01     0.999985      7872505     65536.00
      344.06     0.999986      7872512     68985.26
      346.11     0.999986      7872517     72817.78
      354.30     0.999987      7872526     77101.18
      356.35     0.999988      7872538     81920.00
      356.35     0.999989      7872538     87381.33
      358.40     0.999989      7872550     93622.86
      358.40     0.999990      7872550    100824.62
      360.45     0.999991      7872556    109226.67
      376.83     0.999992      7872559    119156.36
      378.88     0.999992      7872564    131072.00
      380.93     0.999993      7872568    137970.53
      387.07     0.999993      7872575    145635.56
      387.07     0.999994      7872575    154202.35
      389.12     0.999994      7872580    163840.00
      389.12     0.999994      7872580    174762.67
      393.21     0.999995      7872587    187245.71
      393.21     0.999995      7872587    201649.23
      395.26     0.999995      7872591    218453.33
      395.26     0.999996      7872591    238312.73
      397.31     0.999996      7872597    262144.00
      397.31     0.999996      7872597    275941.05
      397.31     0.999997      7872597    291271.11
      399.36     0.999997      7872602    308404.71
      399.36     0.999997      7872602    327680.00
      399.36     0.999997      7872602    349525.33
      401.41     0.999997      7872606    374491.43
      401.41     0.999998      7872606    403298.46
      401.41     0.999998      7872606    436906.67
      415.74     0.999998      7872613    476625.45
      415.74     0.999998      7872613    524288.00
      415.74     0.999998      7872613    551882.11
      415.74     0.999998      7872613    582542.22
      415.74     0.999998      7872613    616809.41
      415.74     0.999998      7872613    655360.00
      415.74     0.999999      7872613    699050.67
      417.79     0.999999      7872615    748982.86
      417.79     0.999999      7872615    806596.92
      417.79     0.999999      7872615    873813.33
      423.94     0.999999      7872617    953250.91
      423.94     0.999999      7872617   1048576.00
      423.94     0.999999      7872617   1103764.21
      438.27     0.999999      7872623   1165084.44
      438.27     0.999999      7872623   1233618.82
      438.27     0.999999      7872623   1310720.00
      438.27     0.999999      7872623   1398101.33
      438.27     0.999999      7872623   1497965.71
      438.27     0.999999      7872623   1613193.85
      438.27     0.999999      7872623   1747626.67
      438.27     0.999999      7872623   1906501.82
      438.27     1.000000      7872623   2097152.00
      438.27     1.000000      7872623   2207528.42
      438.27     1.000000      7872623   2330168.89
      438.27     1.000000      7872623   2467237.65
      438.27     1.000000      7872623   2621440.00
      438.27     1.000000      7872623   2796202.67
      438.27     1.000000      7872623   2995931.43
      438.27     1.000000      7872623   3226387.69
      438.27     1.000000      7872623   3495253.33
      438.27     1.000000      7872623   3813003.64
      438.27     1.000000      7872623   4194304.00
      438.27     1.000000      7872623   4415056.84
      438.27     1.000000      7872623   4660337.78
      438.27     1.000000      7872623   4934475.29
      438.27     1.000000      7872623   5242880.00
      438.27     1.000000      7872623   5592405.33
      438.27     1.000000      7872623   5991862.86
      438.27     1.000000      7872623   6452775.39
      438.27     1.000000      7872623   6990506.67
      438.27     1.000000      7872623   7626007.28
      440.32     1.000000      7872624   8388608.00
      440.32     1.000000      7872624          inf
#[Mean    =       13.838, StdDeviation   =       14.934]
#[Max     =      440.319, Total count    =      7872624]
#[Buckets =           10, SubBuckets     =          256]
