       Value   Percentile   TotalCount 1/(1-Percentile)

        0.14     0.000000            1         1.00
        4.16     0.050000       390912         1.05
        6.75     0.100000       780020         1.11
        7.68     0.150000      1168077         1.18
        8.45     0.200000      1560010         1.25
        8.89     0.250000      2025822         1.33
        9.02     0.300000      2444317         1.43
        9.09     0.350000      2768472         1.54
        9.21     0.400000      3206366         1.67
        9.54     0.450000      3531624         1.82
       10.24     0.500000      3896346         2.00
       10.81     0.525000      4104907         2.11
       11.65     0.550000      4284667         2.22
       12.48     0.575000      4487132         2.35
       13.25     0.600000      4679028         2.50
       14.14     0.625000      4871548         2.67
       15.04     0.650000      5060391         2.86
       15.87     0.675000      5253915         3.08
       16.51     0.700000      5460688         3.33
       17.15     0.725000      5713050         3.64
       17.54     0.750000      5867817         4.00
       17.92     0.762500      5944442         4.21
       18.56     0.775000      6047229         4.44
       19.20     0.787500      6149661         4.71
       19.71     0.800000      6233919         5.00
       20.22     0.812500      6329629         5.33
       20.73     0.825000      6428838         5.71
       21.12     0.837500      6532317         6.15
       21.38     0.850000      6632485         6.67
       21.89     0.862500      6714331         7.27
       22.78     0.875000      6809942         8.00
       23.42     0.881250      6860701         8.42
       24.06     0.887500      6909376         8.89
       24.70     0.893750      6955569         9.41
       25.34     0.900000      7016670        10.00
       25.86     0.906250      7056227        10.67
       26.62     0.912500      7102336        11.43
       27.77     0.918750      7153156        12.31
       28.67     0.925000      7200157        13.33
       29.44     0.931250      7252800        14.55
       30.34     0.937500      7296105        16.00
       30.98     0.940625      7321481        16.84
       31.61     0.943750      7345293        17.78
       32.38     0.946875      7373208        18.82
       33.02     0.950000      7395146        20.00
       33.79     0.953125      7424212        21.33
       34.56     0.956250      7441895        22.86
       36.09     0.959375      7471377        24.62
       37.38     0.962500      7495353        26.67
       38.66     0.965625      7514971        29.09
       40.70     0.968750      7539784        32.00
       41.73     0.970313      7551557        33.68
       43.01     0.971875      7563627        35.56
       45.05     0.973437      7576738        37.65
       47.10     0.975000      7588892        40.00
       49.41     0.976562      7600453        42.67
       51.97     0.978125      7612391        45.71
       55.30     0.979688      7624990        49.23
       58.88     0.981250      7636481        53.33
       63.23     0.982812      7648693        58.18
       68.09     0.984375      7660853        64.00
       71.17     0.985156      7667414        67.37
       74.24     0.985938      7672758        71.11
       78.33     0.986719      7679604        75.29
       82.43     0.987500      7685563        80.00
       86.53     0.988281      7691377        85.33
       91.14     0.989062      7697242        91.43
       96.25     0.989844      7703662        98.46
      101.38     0.990625      7709584       106.67
      107.01     0.991406      7715560       116.36
      112.64     0.992188      7721499       128.00
      115.71     0.992578      7724684       134.74
      118.78     0.992969      7727754       142.22
      121.86     0.993359      7730864       150.59
      124.93     0.993750      7733883       160.00
      128.00     0.994141      7736751       170.67
      132.09     0.994531      7740214       182.86
      136.19     0.994922      7743343       196.92
      140.29     0.995313      7746299       213.33
      144.38     0.995703      7749174       232.73
      148.48     0.996094      7751817       256.00
      151.55     0.996289      7753749       269.47
      153.60     0.996484      7754988       284.44
      156.67     0.996680      7756672       301.18
      159.74     0.996875      7758245       320.00
      162.81     0.997070      7759715       341.33
      165.89     0.997266      7761001       365.71
      169.98     0.997461      7762440       393.85
      175.10     0.997656      7764162       426.67
      179.20     0.997852      7765500       465.45
      184.32     0.998047      7767108       512.00
      187.39     0.998145      7767853       538.95
      190.46     0.998242      7768571       568.89
      193.53     0.998340      7769296       602.35
      196.61     0.998437      7770109       640.00
      199.68     0.998535      7770925       682.67
      202.75     0.998633      7771583       731.43
      206.85     0.998730      7772334       787.69
      210.94     0.998828      7773182       853.33
      215.04     0.998926      7773966       930.91
      219.13     0.999023      7774666      1024.00
      221.18     0.999072      7774994      1077.89
      224.25     0.999121      7775429      1137.78
      226.30     0.999170      7775728      1204.71
      229.38     0.999219      7776155      1280.00
      232.45     0.999268      7776548      1365.33
      236.54     0.999316      7776954      1462.86
      238.59     0.999365      7777240      1575.38
      242.69     0.999414      7777715      1706.67
      245.76     0.999463      7778089      1861.82
      249.85     0.999512      7778390      2048.00
      252.93     0.999536      7778604      2155.79
      254.97     0.999561      7778753      2275.56
      258.05     0.999585      7778942      2409.41
      261.12     0.999609      7779199      2560.00
      264.19     0.999634      7779417      2730.67
      268.29     0.999658      7779593      2925.71
      272.38     0.999683      7779737      3150.77
      276.48     0.999707      7779941      3413.33
      280.57     0.999731      7780079      3723.64
      286.72     0.999756      7780288      4096.00
      288.77     0.999768      7780378      4311.58
      292.86     0.999780      7780502      4551.11
      294.91     0.999792      7780584      4818.82
      296.96     0.999805      7780661      5120.00
      301.06     0.999817      7780791      5461.33
      303.10     0.999829      7780865      5851.43
      307.20     0.999841      7780957      6301.54
      311.30     0.999854      7781092      6826.67
      313.34     0.999866      7781163      7447.27
      317.44     0.999878      7781250      8192.00
      319.49     0.999884      7781294      8623.16
      321.54     0.999890      7781323      9102.22
      325.63     0.999896      7781398      9637.65
      327.68     0.999902      7781440     10240.00
      329.73     0.999908      7781474     10922.67
      333.82     0.999915      7781530     11702.86
      335.87     0.999921      7781557     12603.08
      339.97     0.999927      7781615     13653.33
      344.06     0.999933      7781648     14894.55
      350.21     0.999939      7781698     16384.00
      352.25     0.999942      7781716     17246.32
      356.35     0.999945      7781742     18204.44
      362.50     0.999948      7781767     19275.29
      366.59     0.999951      7781803     20480.00
      370.69     0.999954      7781828     21845.33
      372.74     0.999957      7781838     23405.71
      376.83     0.999960      7781880     25206.15
      378.88     0.999963      7781902     27306.67
      380.93     0.999966      7781915     29789.09
      387.07     0.999969      7781933     32768.00
      389.12     0.999971      7781951     34492.63
      391.17     0.999973      7781968     36408.89
      391.17     0.999974      7781968     38550.59
      397.31     0.999976      7781981     40960.00
      399.36     0.999977      7781989     43690.67
      401.41     0.999979      7782002     46811.43
      409.60     0.999980      7782014     50412.31
      413.69     0.999982      7782028     54613.33
      417.79     0.999983      7782041     59578.18
      419.84     0.999985      7782049     65536.00
      421.89     0.999986      7782059     68985.26
      423.94     0.999986      7782065     72817.78
      425.98     0.999987      7782072     77101.18
      428.03     0.999988      7782076     81920.00
      434.18     0.999989      7782079     87381.33
      436.22     0.999989      7782088     93622.86
      438.27     0.999990      7782090    100824.62
      442.37     0.999991      7782099    109226.67
      446.46     0.999992      7782103    119156.36
      448.51     0.999992      7782111    131072.00
      448.51     0.999993      7782111    137970.53
      456.70     0.999993      7782116    145635.56
      466.94     0.999994      7782118    154202.35
      468.99     0.999994      7782122    163840.00
      475.13     0.999994      7782126    174762.67
      475.13     0.999995      7782126    187245.71
      477.18     0.999995      7782131    201649.23
      489.47     0.999995      7782134    218453.33
      491.52     0.999996      7782137    238312.73
      493.57     0.999996      7782141    262144.00
      493.57     0.999996      7782141    275941.05
      493.57     0.999997      7782141    291271.11
      495.62     0.999997      7782145    308404.71
      495.62     0.999997      7782145    327680.00
      495.62     0.999997      7782145    349525.33
      497.66     0.999997      7782150    374491.43
      497.66     0.999998      7782150    403298.46
      497.66     0.999998      7782150    436906.67
      499.71     0.999998      7782155    476625.45
      499.71     0.999998      7782155    524288.00
      499.71     0.999998      7782155    551882.11
      499.71     0.999998      7782155    582542.22
      499.71     0.999998      7782155    616809.41
      501.76     0.999998      7782156    655360.00
      501.76     0.999999      7782156    699050.67
      503.81     0.999999      7782162    748982.86
      503.81     0.999999      7782162    806596.92
      503.81     0.999999      7782162    873813.33
      503.81     0.999999      7782162    953250.91
      503.81     0.999999      7782162   1048576.00
      503.81     0.999999      7782162   1103764.21
      503.81     0.999999      7782162   1165084.44
      503.81     0.999999      7782162   1233618.82
      503.81     0.999999      7782162   1310720.00
      503.81     0.999999      7782162   1398101.33
      503.81     0.999999      7782162   1497965.71
      505.86     0.999999      7782164   1613193.85
      505.86     0.999999      7782164   1747626.67
      505.86     0.999999      7782164   1906501.82
      505.86     1.000000      7782164   2097152.00
      505.86     1.000000      7782164   2207528.42
      505.86     1.000000      7782164   2330168.89
      505.86     1.000000      7782164   2467237.65
      544.77     1.000000      7782167   2621440.00
      544.77     1.000000      7782167          inf
#[Mean    =       15.394, StdDeviation   =       17.539]
#[Max     =      544.767, Total count    =      7782167]
#[Buckets =           10, SubBuckets     =          256]
