       Value   Percentile   TotalCount 1/(1-Percentile)

        0.19     0.000000            1         1.00
        4.16     0.050000        35577         1.05
        6.75     0.100000        70983         1.11
        7.68     0.150000       106329         1.18
        8.45     0.200000       141906         1.25
        8.89     0.250000       184149         1.33
        9.02     0.300000       221826         1.43
        9.09     0.350000       251315         1.54
        9.21     0.400000       291468         1.67
        9.54     0.450000       321408         1.82
       10.24     0.500000       354487         2.00
       10.81     0.525000       373251         2.11
       11.65     0.550000       389742         2.22
       12.48     0.575000       408278         2.35
       13.25     0.600000       425616         2.50
       14.14     0.625000       443044         2.67
       15.10     0.650000       461026         2.86
       15.94     0.675000       478673         3.08
       16.51     0.700000       496120         3.33
       17.15     0.725000       519228         3.64
       17.54     0.750000       533483         4.00
       17.92     0.762500       540451         4.21
       18.56     0.775000       549876         4.44
       19.20     0.787500       559182         4.71
       19.71     0.800000       566878         5.00
       20.22     0.812500       575641         5.33
       20.73     0.825000       584642         5.71
       21.12     0.837500       594012         6.15
       21.38     0.850000       603008         6.67
       21.89     0.862500       610531         7.27
       22.91     0.875000       620130         8.00
       23.42     0.881250       623754         8.42
       24.06     0.887500       628319         8.89
       24.70     0.893750       632421         9.41
       25.34     0.900000       638002        10.00
       25.86     0.906250       641565        10.67
       26.62     0.912500       645831        11.43
       27.77     0.918750       650399        12.31
       28.67     0.925000       654601        13.33
       29.44     0.931250       659440        14.55
       30.34     0.937500       663357        16.00
       30.98     0.940625       665652        16.84
       31.61     0.943750       667809        17.78
       32.26     0.946875       670052        18.82
       33.02     0.950000       672473        20.00
       33.53     0.953125       674489        21.33
       34.56     0.956250       676670        22.86
       36.09     0.959375       679301        24.62
       37.38     0.962500       681410        26.67
       38.91     0.965625       683410        29.09
       40.96     0.968750       685738        32.00
       41.98     0.970313       686686        33.68
       43.26     0.971875       687729        35.56
       45.31     0.973437       688874        37.65
       47.36     0.975000       690012        40.00
       49.66     0.976562       691041        42.67
       52.48     0.978125       692143        45.71
       55.81     0.979688       693245        49.23
       59.39     0.981250       694298        53.33
       64.00     0.982812       695439        58.18
       68.61     0.984375       696520        64.00
       71.68     0.985156       697096        67.37
       75.26     0.985938       697688        71.11
       78.33     0.986719       698183        75.29
       82.94     0.987500       698795        80.00
       87.04     0.988281       699271        85.33
       92.16     0.989062       699850        91.43
       97.28     0.989844       700415        98.46
      102.91     0.990625       700973       106.67
      109.06     0.991406       701524       116.36
      114.69     0.992188       702091       128.00
      117.25     0.992578       702322       134.74
      120.32     0.992969       702626       142.22
      123.39     0.993359       702907       150.59
      125.95     0.993750       703144       160.00
      129.53     0.994141       703446       170.67
      133.12     0.994531       703696       182.86
      137.22     0.994922       703995       196.92
      141.31     0.995313       704283       213.33
      145.41     0.995703       704552       232.73
      149.50     0.996094       704823       256.00
      152.57     0.996289       704988       269.47
      154.62     0.996484       705109       284.44
      157.69     0.996680       705255       301.18
      160.77     0.996875       705381       320.00
      163.84     0.997070       705501       341.33
      166.91     0.997266       705630       365.71
      172.03     0.997461       705782       393.85
      176.13     0.997656       705908       426.67
      181.25     0.997852       706067       465.45
      185.34     0.998047       706181       512.00
      188.41     0.998145       706253       538.95
      191.49     0.998242       706319       568.89
      195.58     0.998340       706410       602.35
      197.63     0.998437       706465       640.00
      200.70     0.998535       706530       682.67
      204.80     0.998633       706604       731.43
      208.90     0.998730       706679       787.69
      212.99     0.998828       706747       853.33
      217.09     0.998926       706818       930.91
      221.18     0.999023       706872      1024.00
      224.25     0.999072       706911      1077.89
      226.30     0.999121       706941      1137.78
      230.40     0.999170       706985      1204.71
      232.45     0.999219       707010      1280.00
      236.54     0.999268       707051      1365.33
      239.62     0.999316       707084      1462.86
      242.69     0.999365       707117      1575.38
      245.76     0.999414       707157      1706.67
      248.83     0.999463       707185      1861.82
      253.95     0.999512       707220      2048.00
      256.00     0.999536       707239      2155.79
      258.05     0.999561       707255      2275.56
      260.10     0.999585       707272      2409.41
      262.14     0.999609       707287      2560.00
      266.24     0.999634       707305      2730.67
      270.33     0.999658       707321      2925.71
      276.48     0.999683       707344      3150.77
      280.57     0.999707       707360      3413.33
      286.72     0.999731       707374      3723.64
      292.86     0.999756       707393      4096.00
      294.91     0.999768       707400      4311.58
      296.96     0.999780       707409      4551.11
      301.06     0.999792       707424      4818.82
      301.06     0.999805       707424      5120.00
      307.20     0.999817       707433      5461.33
      311.30     0.999829       707445      5851.43
      313.34     0.999841       707457      6301.54
      315.39     0.999854       707460      6826.67
      319.49     0.999866       707468      7447.27
      325.63     0.999878       707484      8192.00
      325.63     0.999884       707484      8623.16
      327.68     0.999890       707494      9102.22
      327.68     0.999896       707494      9637.65
      327.68     0.999902       707494     10240.00
      331.77     0.999908       707502     10922.67
      331.77     0.999915       707502     11702.86
      335.87     0.999921       707508     12603.08
      337.92     0.999927       707511     13653.33
      342.01     0.999933       707515     14894.55
      350.21     0.999939       707519     16384.00
      352.25     0.999942       707523     17246.32
      362.50     0.999945       707526     18204.44
      362.50     0.999948       707526     19275.29
      364.54     0.999951       707533     20480.00
      364.54     0.999954       707533     21845.33
      364.54     0.999957       707533     23405.71
      366.59     0.999960       707536     25206.15
      376.83     0.999963       707539     27306.67
      376.83     0.999966       707539     29789.09
      378.88     0.999969       707544     32768.00
      378.88     0.999971       707544     34492.63
      378.88     0.999973       707544     36408.89
      378.88     0.999974       707544     38550.59
      389.12     0.999976       707546     40960.00
      389.12     0.999977       707546     43690.67
      409.60     0.999979       707547     46811.43
      415.74     0.999980       707549     50412.31
      417.79     0.999982       707550     54613.33
      423.94     0.999983       707552     59578.18
      423.94     0.999985       707552     65536.00
      423.94     0.999986       707552     68985.26
      425.98     0.999986       707555     72817.78
      425.98     0.999987       707555     77101.18
      425.98     0.999988       707555     81920.00
      425.98     0.999989       707555     87381.33
      425.98     0.999989       707555     93622.86
      425.98     0.999990       707555    100824.62
      440.32     0.999991       707556    109226.67
      448.51     0.999992       707557    119156.36
      448.51     0.999992       707557    131072.00
      448.51     0.999993       707557    137970.53
      466.94     0.999993       707558    145635.56
      466.94     0.999994       707558    154202.35
      466.94     0.999994       707558    163840.00
      466.94     0.999994       707558    174762.67
      468.99     0.999995       707559    187245.71
      468.99     0.999995       707559    201649.23
      468.99     0.999995       707559    218453.33
      495.62     0.999996       707560    238312.73
      495.62     0.999996       707560    262144.00
      495.62     0.999996       707560    275941.05
      495.62     0.999997       707560    291271.11
      495.62     0.999997       707560    308404.71
      495.62     0.999997       707560    327680.00
      495.62     0.999997       707560    349525.33
      497.66     0.999997       707561    374491.43
      497.66     0.999998       707561    403298.46
      497.66     0.999998       707561    436906.67
      497.66     0.999998       707561    476625.45
      497.66     0.999998       707561    524288.00
      497.66     0.999998       707561    551882.11
      497.66     0.999998       707561    582542.22
      497.66     0.999998       707561    616809.41
      497.66     0.999998       707561    655360.00
      497.66     0.999999       707561    699050.67
      503.81     0.999999       707562    748982.86
      503.81     1.000000       707562          inf
#[Mean    =       15.419, StdDeviation   =       17.700]
#[Max     =      503.807, Total count    =       707562]
#[Buckets =           10, SubBuckets     =          256]
