       Value   Percentile   TotalCount 1/(1-Percentile)

        0.14     0.000000            1         1.00
        4.16     0.050000       355335         1.05
        6.75     0.100000       709037         1.11
        7.68     0.150000      1061748         1.18
        8.45     0.200000      1418104         1.25
        8.89     0.250000      1841673         1.33
        9.02     0.300000      2222491         1.43
        9.09     0.350000      2517157         1.54
        9.21     0.400000      2914898         1.67
        9.54     0.450000      3210216         1.82
       10.24     0.500000      3541859         2.00
       10.81     0.525000      3731656         2.11
       11.65     0.550000      3894925         2.22
       12.48     0.575000      4078854         2.35
       13.25     0.600000      4253412         2.50
       14.14     0.625000      4428504         2.67
       15.04     0.650000      4600689         2.86
       15.87     0.675000      4776705         3.08
       16.51     0.700000      4964568         3.33
       17.15     0.725000      5193822         3.64
       17.54     0.750000      5334334         4.00
       17.92     0.762500      5403991         4.21
       18.56     0.775000      5497353         4.44
       19.20     0.787500      5590479         4.71
       19.71     0.800000      5667041         5.00
       20.22     0.812500      5753988         5.33
       20.73     0.825000      5844196         5.71
       21.12     0.837500      5938305         6.15
       21.38     0.850000      6029477         6.67
       21.89     0.862500      6103800         7.27
       22.78     0.875000      6190839         8.00
       23.42     0.881250      6236947         8.42
       24.06     0.887500      6281057         8.89
       24.70     0.893750      6323148         9.41
       25.34     0.900000      6378668        10.00
       25.86     0.906250      6414662        10.67
       26.62     0.912500      6456505        11.43
       27.77     0.918750      6502757        12.31
       28.67     0.925000      6545556        13.33
       29.44     0.931250      6593360        14.55
       30.34     0.937500      6632748        16.00
       30.98     0.940625      6655829        16.84
       31.61     0.943750      6677484        17.78
       32.38     0.946875      6702754        18.82
       33.02     0.950000      6722673        20.00
       33.79     0.953125      6749102        21.33
       34.56     0.956250      6765225        22.86
       36.09     0.959375      6792076        24.62
       37.38     0.962500      6813943        26.67
       38.66     0.965625      6831849        29.09
       40.70     0.968750      6854354        32.00
       41.73     0.970313      6865118        33.68
       43.01     0.971875      6876087        35.56
       45.05     0.973437      6887992        37.65
       47.10     0.975000      6899024        40.00
       49.41     0.976562      6909522        42.67
       51.97     0.978125      6920445        45.71
       55.04     0.979688      6931002        49.23
       58.88     0.981250      6942314        53.33
       63.23     0.982812      6953414        58.18
       68.09     0.984375      6964441        64.00
       70.66     0.985156      6969605        67.37
       74.24     0.985938      6975225        71.11
       78.33     0.986719      6981421        75.29
       81.92     0.987500      6986220        80.00
       86.53     0.988281      6992156        85.33
       91.14     0.989062      6997496        91.43
       95.74     0.989844      7002795        98.46
      101.38     0.990625      7008765       106.67
      107.01     0.991406      7014224       116.36
      112.64     0.992188      7019631       128.00
      115.71     0.992578      7022504       134.74
      118.78     0.992969      7025300       142.22
      121.34     0.993359      7027654       150.59
      124.93     0.993750      7030829       160.00
      128.00     0.994141      7033425       170.67
      132.09     0.994531      7036583       182.86
      135.17     0.994922      7038709       196.92
      139.26     0.995313      7041445       213.33
      144.38     0.995703      7044691       232.73
      148.48     0.996094      7047060       256.00
      151.55     0.996289      7048817       269.47
      153.60     0.996484      7049934       284.44
      156.67     0.996680      7051464       301.18
      159.74     0.996875      7052915       320.00
      162.81     0.997070      7054251       341.33
      165.89     0.997266      7055406       365.71
      169.98     0.997461      7056717       393.85
      175.10     0.997656      7058278       426.67
      179.20     0.997852      7059489       465.45
      184.32     0.998047      7060954       512.00
      187.39     0.998145      7061624       538.95
      190.46     0.998242      7062272       568.89
      193.53     0.998340      7062938       602.35
      196.61     0.998437      7063669       640.00
      199.68     0.998535      7064415       682.67
      202.75     0.998633      7065020       731.43
      206.85     0.998730      7065689       787.69
      210.94     0.998828      7066467       853.33
      215.04     0.998926      7067179       930.91
      219.13     0.999023      7067818      1024.00
      221.18     0.999072      7068122      1077.89
      223.23     0.999121      7068391      1137.78
      226.30     0.999170      7068787      1204.71
      229.38     0.999219      7069183      1280.00
      231.42     0.999268      7069428      1365.33
      235.52     0.999316      7069797      1462.86
      238.59     0.999365      7070168      1575.38
      241.66     0.999414      7070493      1706.67
      244.74     0.999463      7070826      1861.82
      249.85     0.999512      7071199      2048.00
      251.90     0.999536      7071326      2155.79
      254.97     0.999561      7071523      2275.56
      258.05     0.999585      7071687      2409.41
      261.12     0.999609      7071921      2560.00
      264.19     0.999634      7072122      2730.67
      266.24     0.999658      7072191      2925.71
      272.38     0.999683      7072411      3150.77
      276.48     0.999707      7072597      3413.33
      280.57     0.999731      7072719      3723.64
      286.72     0.999756      7072914      4096.00
      288.77     0.999768      7072995      4311.58
      292.86     0.999780      7073109      4551.11
      294.91     0.999792      7073184      4818.82
      296.96     0.999805      7073252      5120.00
      299.01     0.999817      7073317      5461.33
      303.10     0.999829      7073437      5851.43
      307.20     0.999841      7073524      6301.54
      309.25     0.999854      7073586      6826.67
      313.34     0.999866      7073706      7447.27
      315.39     0.999878      7073751      8192.00
      319.49     0.999884      7073826      8623.16
      321.54     0.999890      7073851      9102.22
      323.58     0.999896      7073883      9637.65
      327.68     0.999902      7073946     10240.00
      329.73     0.999908      7073977     10922.67
      333.82     0.999915      7074025     11702.86
      335.87     0.999921      7074049     12603.08
      339.97     0.999927      7074102     13653.33
      344.06     0.999933      7074132     14894.55
      350.21     0.999939      7074179     16384.00
      354.30     0.999942      7074203     17246.32
      356.35     0.999945      7074219     18204.44
      360.45     0.999948      7074240     19275.29
      366.59     0.999951      7074267     20480.00
      370.69     0.999954      7074292     21845.33
      374.78     0.999957      7074321     23405.71
      376.83     0.999960      7074341     25206.15
      378.88     0.999963      7074358     27306.67
      380.93     0.999966      7074371     29789.09
      389.12     0.999969      7074405     32768.00
      389.12     0.999971      7074405     34492.63
      391.17     0.999973      7074422     36408.89
      391.17     0.999974      7074422     38550.59
      397.31     0.999976      7074435     40960.00
      401.41     0.999977      7074456     43690.67
      401.41     0.999979      7074456     46811.43
      409.60     0.999980      7074467     50412.31
      413.69     0.999982      7074481     54613.33
      417.79     0.999983      7074491     59578.18
      419.84     0.999985      7074499     65536.00
      421.89     0.999986      7074509     68985.26
      421.89     0.999986      7074509     72817.78
      425.98     0.999987      7074517     77101.18
      428.03     0.999988      7074521     81920.00
      436.22     0.999989      7074533     87381.33
      436.22     0.999989      7074533     93622.86
      438.27     0.999990      7074535    100824.62
      442.37     0.999991      7074543    109226.67
      446.46     0.999992      7074547    119156.36
      448.51     0.999992      7074554    131072.00
      448.51     0.999993      7074554    137970.53
      456.70     0.999993      7074559    145635.56
      466.94     0.999994      7074560    154202.35
      468.99     0.999994      7074563    163840.00
      475.13     0.999994      7074567    174762.67
      477.18     0.999995      7074572    187245.71
      477.18     0.999995      7074572    201649.23
      489.47     0.999995      7074575    218453.33
      491.52     0.999996      7074578    238312.73
      493.57     0.999996      7074582    262144.00
      493.57     0.999996      7074582    275941.05
      493.57     0.999997      7074582    291271.11
      495.62     0.999997      7074585    308404.71
      495.62     0.999997      7074585    327680.00
      495.62     0.999997      7074585    349525.33
      497.66     0.999997      7074589    374491.43
      497.66     0.999998      7074589    403298.46
      497.66     0.999998      7074589    436906.67
      499.71     0.999998      7074594    476625.45
      499.71     0.999998      7074594    524288.00
      499.71     0.999998      7074594    551882.11
      499.71     0.999998      7074594    582542.22
      499.71     0.999998      7074594    616809.41
      501.76     0.999998      7074595    655360.00
      501.76     0.999999      7074595    699050.67
      503.81     0.999999      7074600    748982.86
      503.81     0.999999      7074600    806596.92
      503.81     0.999999      7074600    873813.33
      503.81     0.999999      7074600    953250.91
      503.81     0.999999      7074600   1048576.00
      503.81     0.999999      7074600   1103764.21
      503.81     0.999999      7074600   1165084.44
      503.81     0.999999      7074600   1233618.82
      503.81     0.999999      7074600   1310720.00
      503.81     0.999999      7074600   1398101.33
      505.86     0.999999      7074602   1497965.71
      505.86     0.999999      7074602   1613193.85
      505.86     0.999999      7074602   1747626.67
      505.86     0.999999      7074602   1906501.82
      505.86     1.000000      7074602   2097152.00
      505.86     1.000000      7074602   2207528.42
      505.86     1.000000      7074602   2330168.89
      544.77     1.000000      7074605   2467237.65
      544.77     1.000000      7074605          inf
#[Mean    =       15.392, StdDeviation   =       17.523]
#[Max     =      544.767, Total count    =      7074605]
#[Buckets =           10, SubBuckets     =          256]
