       Value   Percentile   TotalCount 1/(1-Percentile)

        0.17     0.000000            1         1.00
        3.12     0.050000        39951         1.05
        4.83     0.100000        79924         1.11
        6.40     0.150000       119832         1.18
        7.23     0.200000       159685         1.25
        8.00     0.250000       201940         1.33
        8.32     0.300000       241200         1.43
        8.51     0.350000       281806         1.54
        8.77     0.400000       320180         1.67
        8.96     0.450000       366675         1.82
        9.15     0.500000       402003         2.00
        9.34     0.525000       419779         2.11
        9.73     0.550000       439613         2.22
       10.24     0.575000       459246         2.35
       11.07     0.600000       479127         2.50
       12.03     0.625000       499989         2.67
       12.86     0.650000       519140         2.86
       13.76     0.675000       538625         3.08
       14.72     0.700000       558792         3.33
       15.62     0.725000       578462         3.64
       16.38     0.750000       599632         4.00
       16.64     0.762500       611122         4.21
       16.89     0.775000       618384         4.44
       17.28     0.787500       631328         4.71
       17.66     0.800000       639120         5.00
       18.18     0.812500       647567         5.33
       18.94     0.825000       658515         5.71
       19.71     0.837500       669275         6.15
       20.22     0.850000       678287         6.67
       20.73     0.862500       688913         7.27
       21.25     0.875000       700136         8.00
       21.38     0.881250       702423         8.42
       21.89     0.887500       708917         8.89
       22.27     0.893750       713084         9.41
       22.78     0.900000       717726        10.00
       23.42     0.906250       722422        10.67
       24.19     0.912500       727871        11.43
       24.96     0.918750       732776        12.31
       25.73     0.925000       737846        13.33
       26.75     0.931250       742528        14.55
       28.03     0.937500       747606        16.00
       28.54     0.940625       749872        16.84
       29.18     0.943750       752678        17.78
       29.70     0.946875       754949        18.82
       30.34     0.950000       757338        20.00
       31.10     0.953125       759795        21.33
       32.00     0.956250       762471        22.86
       32.77     0.959375       764776        24.62
       33.79     0.962500       767340        26.67
       35.07     0.965625       769641        29.09
       36.61     0.968750       772107        32.00
       37.63     0.970313       773613        33.68
       38.66     0.971875       774847        35.56
       39.68     0.973437       775916        37.65
       40.96     0.975000       777101        40.00
       42.49     0.976562       778403        42.67
       44.54     0.978125       779744        45.71
       46.34     0.979688       780824        49.23
       48.90     0.981250       782087        53.33
       51.97     0.982812       783332        58.18
       56.06     0.984375       784579        64.00
       58.11     0.985156       785182        67.37
       60.67     0.985938       785834        71.11
       63.23     0.986719       786429        75.29
       66.56     0.987500       787110        80.00
       69.63     0.988281       787680        85.33
       73.73     0.989062       788288        91.43
       78.33     0.989844       788908        98.46
       83.45     0.990625       789549       106.67
       89.60     0.991406       790192       116.36
       95.74     0.992188       790780       128.00
       98.81     0.992578       791087       134.74
      101.89     0.992969       791395       142.22
      105.47     0.993359       791710       150.59
      109.06     0.993750       792053       160.00
      112.64     0.994141       792348       170.67
      116.22     0.994531       792645       182.86
      119.81     0.994922       792954       196.92
      123.90     0.995313       793288       213.33
      128.00     0.995703       793612       232.73
      132.09     0.996094       793909       256.00
      134.14     0.996289       794062       269.47
      136.19     0.996484       794214       284.44
      139.26     0.996680       794393       301.18
      142.34     0.996875       794525       320.00
      145.41     0.997070       794688       341.33
      148.48     0.997266       794840       365.71
      152.57     0.997461       795009       393.85
      155.65     0.997656       795138       426.67
      160.77     0.997852       795316       465.45
      164.86     0.998047       795455       512.00
      166.91     0.998145       795523       538.95
      169.98     0.998242       795608       568.89
      172.03     0.998340       795672       602.35
      176.13     0.998437       795765       640.00
      180.22     0.998535       795848       682.67
      183.29     0.998633       795910       731.43
      186.37     0.998730       795996       787.69
      191.49     0.998828       796077       853.33
      195.58     0.998926       796147       930.91
      200.70     0.999023       796223      1024.00
      203.78     0.999072       796258      1077.89
      205.82     0.999121       796300      1137.78
      208.90     0.999170       796342      1204.71
      210.94     0.999219       796377      1280.00
      214.01     0.999268       796418      1365.33
      217.09     0.999316       796458      1462.86
      220.16     0.999365       796493      1575.38
      223.23     0.999414       796530      1706.67
      227.33     0.999463       796576      1861.82
      230.40     0.999512       796607      2048.00
      233.47     0.999536       796625      2155.79
      236.54     0.999561       796646      2275.56
      239.62     0.999585       796666      2409.41
      242.69     0.999609       796689      2560.00
      244.74     0.999634       796703      2730.67
      248.83     0.999658       796723      2925.71
      251.90     0.999683       796741      3150.77
      256.00     0.999707       796760      3413.33
      260.10     0.999731       796781      3723.64
      266.24     0.999756       796803      4096.00
      270.33     0.999768       796814      4311.58
      272.38     0.999780       796823      4551.11
      274.43     0.999792       796830      4818.82
      276.48     0.999805       796838      5120.00
      280.57     0.999817       796848      5461.33
      284.67     0.999829       796858      5851.43
      288.77     0.999841       796873      6301.54
      292.86     0.999854       796881      6826.67
      294.91     0.999866       796889      7447.27
      296.96     0.999878       796898      8192.00
      299.01     0.999884       796904      8623.16
      301.06     0.999890       796909      9102.22
      303.10     0.999896       796912      9637.65
      307.20     0.999902       796921     10240.00
      307.20     0.999908       796921     10922.67
      309.25     0.999915       796928     11702.86
      311.30     0.999921       796933     12603.08
      313.34     0.999927       796937     13653.33
      319.49     0.999933       796942     14894.55
      327.68     0.999939       796947     16384.00
      327.68     0.999942       796947     17246.32
      329.73     0.999945       796951     18204.44
      331.77     0.999948       796953     19275.29
      333.82     0.999951       796955     20480.00
      337.92     0.999954       796958     21845.33
      339.97     0.999957       796962     23405.71
      339.97     0.999960       796962     25206.15
      342.01     0.999963       796964     27306.67
      350.21     0.999966       796967     29789.09
      352.25     0.999969       796969     32768.00
      354.30     0.999971       796972     34492.63
      354.30     0.999973       796972     36408.89
      356.35     0.999974       796973     38550.59
      358.40     0.999976       796974     40960.00
      362.50     0.999977       796976     43690.67
      362.50     0.999979       796976     46811.43
      364.54     0.999980       796978     50412.31
      366.59     0.999982       796980     54613.33
      366.59     0.999983       796980     59578.18
      370.69     0.999985       796982     65536.00
      370.69     0.999986       796982     68985.26
      380.93     0.999986       796983     72817.78
      380.93     0.999987       796983     77101.18
      382.98     0.999988       796984     81920.00
      382.98     0.999989       796984     87381.33
      389.12     0.999989       796985     93622.86
      391.17     0.999990       796986    100824.62
      391.17     0.999991       796986    109226.67
      393.21     0.999992       796989    119156.36
      393.21     0.999992       796989    131072.00
      393.21     0.999993       796989    137970.53
      393.21     0.999993       796989    145635.56
      393.21     0.999994       796989    154202.35
      393.21     0.999994       796989    163840.00
      393.21     0.999994       796989    174762.67
      393.21     0.999995       796989    187245.71
      395.26     0.999995       796990    201649.23
      395.26     0.999995       796990    218453.33
      395.26     0.999996       796990    238312.73
      395.26     0.999996       796990    262144.00
      397.31     0.999996       796991    275941.05
      397.31     0.999997       796991    291271.11
      397.31     0.999997       796991    308404.71
      397.31     0.999997       796991    327680.00
      397.31     0.999997       796991    349525.33
      397.31     0.999997       796991    374491.43
      401.41     0.999998       796992    403298.46
      401.41     0.999998       796992    436906.67
      401.41     0.999998       796992    476625.45
      401.41     0.999998       796992    524288.00
      401.41     0.999998       796992    551882.11
      401.41     0.999998       796992    582542.22
      401.41     0.999998       796992    616809.41
      401.41     0.999998       796992    655360.00
      401.41     0.999999       796992    699050.67
      401.41     0.999999       796992    748982.86
      405.50     0.999999       796993    806596.92
      405.50     1.000000       796993          inf
#[Mean    =       13.646, StdDeviation   =       15.583]
#[Max     =      405.503, Total count    =       796993]
#[Buckets =           10, SubBuckets     =          256]
