       Value   Percentile   TotalCount 1/(1-Percentile)

        0.17     0.000000            2         1.00
        3.10     0.050000       400102         1.05
        4.83     0.100000       799782         1.11
        6.40     0.150000      1198063         1.18
        7.23     0.200000      1597794         1.25
        8.00     0.250000      2019184         1.33
        8.32     0.300000      2418135         1.43
        8.51     0.350000      2819246         1.54
        8.77     0.400000      3205280         1.67
        8.96     0.450000      3671152         1.82
        9.15     0.500000      4020000         2.00
        9.34     0.525000      4196473         2.11
        9.73     0.550000      4395623         2.22
       10.24     0.575000      4590459         2.35
       11.07     0.600000      4788475         2.50
       12.03     0.625000      4998974         2.67
       12.86     0.650000      5192748         2.86
       13.76     0.675000      5386373         3.08
       14.72     0.700000      5586047         3.33
       15.62     0.725000      5781431         3.64
       16.38     0.750000      5994337         4.00
       16.64     0.762500      6108678         4.21
       16.89     0.775000      6179541         4.44
       17.28     0.787500      6311420         4.71
       17.66     0.800000      6388589         5.00
       18.30     0.812500      6490011         5.33
       18.94     0.825000      6582575         5.71
       19.71     0.837500      6689974         6.15
       20.22     0.850000      6779569         6.67
       20.73     0.862500      6886715         7.27
       21.25     0.875000      6999861         8.00
       21.38     0.881250      7022804         8.42
       21.89     0.887500      7087597         8.89
       22.27     0.893750      7127807         9.41
       22.78     0.900000      7174951        10.00
       23.42     0.906250      7223007        10.67
       24.19     0.912500      7275604        11.43
       24.96     0.918750      7324729        12.31
       25.73     0.925000      7374346        13.33
       26.88     0.931250      7426062        14.55
       28.03     0.937500      7472150        16.00
       28.67     0.940625      7502189        16.84
       29.18     0.943750      7524145        17.78
       29.70     0.946875      7546225        18.82
       30.34     0.950000      7570511        20.00
       31.23     0.953125      7598704        21.33
       32.00     0.956250      7621603        22.86
       33.02     0.959375      7650938        24.62
       34.05     0.962500      7675748        26.67
       35.33     0.965625      7697028        29.09
       36.86     0.968750      7722589        32.00
       37.63     0.970313      7733354        33.68
       38.66     0.971875      7744996        35.56
       39.94     0.973437      7758091        37.65
       41.22     0.975000      7769847        40.00
       43.01     0.976562      7783448        42.67
       44.80     0.978125      7795110        45.71
       47.10     0.979688      7808125        49.23
       49.66     0.981250      7819939        53.33
       52.73     0.982812      7831962        58.18
       56.83     0.984375      7844655        64.00
       58.88     0.985156      7850871        67.37
       61.70     0.985938      7857358        71.11
       64.51     0.986719      7863451        75.29
       67.58     0.987500      7870021        80.00
       71.17     0.988281      7876035        85.33
       75.26     0.989062      7882096        91.43
       80.38     0.989844      7888372        98.46
       85.50     0.990625      7894458       106.67
       91.14     0.991406      7900671       116.36
       97.28     0.992188      7907101       128.00
      100.35     0.992578      7910167       134.74
      103.42     0.992969      7913271       142.22
      107.01     0.993359      7916343       150.59
      110.08     0.993750      7919228       160.00
      113.66     0.994141      7922448       170.67
      117.25     0.994531      7925558       182.86
      120.83     0.994922      7928645       196.92
      124.42     0.995313      7931815       213.33
      128.00     0.995703      7934697       232.73
      133.12     0.996094      7938415       256.00
      135.17     0.996289      7939710       269.47
      137.22     0.996484      7941040       284.44
      140.29     0.996680      7942840       301.18
      143.36     0.996875      7944503       320.00
      145.41     0.997070      7945643       341.33
      148.48     0.997266      7947233       365.71
      151.55     0.997461      7948713       393.85
      155.65     0.997656      7950306       426.67
      159.74     0.997852      7951807       465.45
      164.86     0.998047      7953511       512.00
      166.91     0.998145      7954175       538.95
      169.98     0.998242      7955110       568.89
      173.06     0.998340      7955919       602.35
      176.13     0.998437      7956683       640.00
      179.20     0.998535      7957323       682.67
      182.27     0.998633      7958043       731.43
      186.37     0.998730      7958967       787.69
      190.46     0.998828      7959663       853.33
      194.56     0.998926      7960422       930.91
      199.68     0.999023      7961237      1024.00
      201.73     0.999072      7961534      1077.89
      204.80     0.999121      7961940      1137.78
      207.87     0.999170      7962410      1204.71
      209.92     0.999219      7962680      1280.00
      212.99     0.999268      7963105      1365.33
      217.09     0.999316      7963558      1462.86
      220.16     0.999365      7963869      1575.38
      223.23     0.999414      7964245      1706.67
      227.33     0.999463      7964674      1861.82
      231.42     0.999512      7965090      2048.00
      233.47     0.999536      7965247      2155.79
      236.54     0.999561      7965435      2275.56
      238.59     0.999585      7965598      2409.41
      241.66     0.999609      7965831      2560.00
      243.71     0.999634      7966016      2730.67
      245.76     0.999658      7966175      2925.71
      249.85     0.999683      7966377      3150.77
      254.97     0.999707      7966608      3413.33
      258.05     0.999731      7966755      3723.64
      262.14     0.999756      7966983      4096.00
      264.19     0.999768      7967069      4311.58
      268.29     0.999780      7967189      4551.11
      270.33     0.999792      7967251      4818.82
      274.43     0.999805      7967399      5120.00
      276.48     0.999817      7967454      5461.33
      280.57     0.999829      7967579      5851.43
      282.62     0.999841      7967648      6301.54
      286.72     0.999854      7967737      6826.67
      290.81     0.999866      7967852      7447.27
      294.91     0.999878      7967965      8192.00
      296.96     0.999884      7968007      8623.16
      299.01     0.999890      7968045      9102.22
      301.06     0.999896      7968077      9637.65
      303.10     0.999902      7968117     10240.00
      307.20     0.999908      7968206     10922.67
      309.25     0.999915      7968257     11702.86
      311.30     0.999921      7968285     12603.08
      313.34     0.999927      7968319     13653.33
      317.44     0.999933      7968388     14894.55
      319.49     0.999939      7968410     16384.00
      321.54     0.999942      7968436     17246.32
      323.58     0.999945      7968458     18204.44
      325.63     0.999948      7968482     19275.29
      327.68     0.999951      7968508     20480.00
      329.73     0.999954      7968540     21845.33
      331.77     0.999957      7968558     23405.71
      333.82     0.999960      7968578     25206.15
      337.92     0.999963      7968616     27306.67
      339.97     0.999966      7968634     29789.09
      342.01     0.999969      7968651     32768.00
      344.06     0.999971      7968667     34492.63
      348.16     0.999973      7968676     36408.89
      350.21     0.999974      7968688     38550.59
      354.30     0.999976      7968707     40960.00
      356.35     0.999977      7968718     43690.67
      358.40     0.999979      7968725     46811.43
      364.54     0.999980      7968742     50412.31
      366.59     0.999982      7968752     54613.33
      368.64     0.999983      7968762     59578.18
      378.88     0.999985      7968773     65536.00
      380.93     0.999986      7968784     68985.26
      382.98     0.999986      7968790     72817.78
      385.02     0.999987      7968791     77101.18
      391.17     0.999988      7968806     81920.00
      391.17     0.999989      7968806     87381.33
      393.21     0.999989      7968813     93622.86
      395.26     0.999990      7968820    100824.62
      397.31     0.999991      7968828    109226.67
      397.31     0.999992      7968828    119156.36
      399.36     0.999992      7968835    131072.00
      401.41     0.999993      7968843    137970.53
      401.41     0.999993      7968843    145635.56
      401.41     0.999994      7968843    154202.35
      403.45     0.999994      7968847    163840.00
      405.50     0.999994      7968857    174762.67
      405.50     0.999995      7968857    187245.71
      405.50     0.999995      7968857    201649.23
      407.55     0.999995      7968867    218453.33
      407.55     0.999996      7968867    238312.73
      407.55     0.999996      7968867    262144.00
      407.55     0.999996      7968867    275941.05
      407.55     0.999997      7968867    291271.11
      409.60     0.999997      7968872    308404.71
      409.60     0.999997      7968872    327680.00
      409.60     0.999997      7968872    349525.33
      411.65     0.999997      7968873    374491.43
      421.89     0.999998      7968876    403298.46
      421.89     0.999998      7968876    436906.67
      434.18     0.999998      7968879    476625.45
      434.18     0.999998      7968879    524288.00
      438.27     0.999998      7968885    551882.11
      438.27     0.999998      7968885    582542.22
      438.27     0.999998      7968885    616809.41
      438.27     0.999998      7968885    655360.00
      438.27     0.999999      7968885    699050.67
      438.27     0.999999      7968885    748982.86
      438.27     0.999999      7968885    806596.92
      438.27     0.999999      7968885    873813.33
      440.32     0.999999      7968894    953250.91
      440.32     1.000000      7968894          inf
#[Mean    =       13.671, StdDeviation   =       15.648]
#[Max     =      440.319, Total count    =      7968894]
#[Buckets =           10, SubBuckets     =          256]
