       Value   Percentile   TotalCount 1/(1-Percentile)

        0.17     0.000000            3         1.00
        3.10     0.050000       439823         1.05
        4.83     0.100000       879706         1.11
        6.40     0.150000      1317895         1.18
        7.23     0.200000      1757479         1.25
        8.00     0.250000      2221124         1.33
        8.32     0.300000      2659335         1.43
        8.51     0.350000      3101052         1.54
        8.77     0.400000      3525460         1.67
        8.96     0.450000      4037827         1.82
        9.15     0.500000      4422003         2.00
        9.34     0.525000      4616252         2.11
        9.73     0.550000      4835236         2.22
       10.24     0.575000      5049705         2.35
       11.07     0.600000      5267602         2.50
       12.03     0.625000      5498963         2.67
       12.86     0.650000      5711888         2.86
       13.76     0.675000      5924998         3.08
       14.72     0.700000      6144839         3.33
       15.62     0.725000      6359893         3.64
       16.38     0.750000      6593969         4.00
       16.64     0.762500      6719800         4.21
       16.89     0.775000      6797925         4.44
       17.28     0.787500      6942748         4.71
       17.66     0.800000      7027709         5.00
       18.30     0.812500      7139172         5.33
       18.94     0.825000      7241090         5.71
       19.71     0.837500      7359249         6.15
       20.22     0.850000      7457856         6.67
       20.73     0.862500      7575628         7.27
       21.25     0.875000      7699997         8.00
       21.38     0.881250      7725227         8.42
       21.89     0.887500      7796514         8.89
       22.27     0.893750      7840891         9.41
       22.78     0.900000      7892677        10.00
       23.42     0.906250      7945429        10.67
       24.19     0.912500      8003475        11.43
       24.96     0.918750      8057505        12.31
       25.73     0.925000      8112192        13.33
       26.88     0.931250      8169105        14.55
       28.03     0.937500      8219756        16.00
       28.54     0.940625      8245527        16.84
       29.18     0.943750      8276823        17.78
       29.70     0.946875      8301174        18.82
       30.34     0.950000      8327849        20.00
       31.23     0.953125      8358864        21.33
       32.00     0.956250      8384074        22.86
       33.02     0.959375      8416380        24.62
       34.05     0.962500      8443714        26.67
       35.33     0.965625      8467024        29.09
       36.86     0.968750      8495136        32.00
       37.63     0.970313      8506967        33.68
       38.66     0.971875      8519843        35.56
       39.94     0.973437      8534211        37.65
       41.22     0.975000      8547201        40.00
       43.01     0.976562      8562195        42.67
       44.80     0.978125      8575012        45.71
       47.10     0.979688      8589361        49.23
       49.66     0.981250      8602332        53.33
       52.73     0.982812      8615544        58.18
       56.83     0.984375      8629436        64.00
       58.88     0.985156      8636272        67.37
       61.44     0.985938      8642825        71.11
       64.25     0.986719      8649540        75.29
       67.58     0.987500      8657343        80.00
       71.17     0.988281      8663945        85.33
       75.26     0.989062      8670588        91.43
       80.38     0.989844      8677541        98.46
       85.50     0.990625      8684233       106.67
       91.14     0.991406      8691020       116.36
       96.77     0.992188      8697440       128.00
      100.35     0.992578      8701408       134.74
      102.91     0.992969      8704289       142.22
      106.50     0.993359      8707686       150.59
      110.08     0.993750      8711375       160.00
      113.66     0.994141      8714876       170.67
      117.25     0.994531      8718282       182.86
      120.83     0.994922      8721681       196.92
      124.42     0.995313      8725139       213.33
      128.00     0.995703      8728309       232.73
      133.12     0.996094      8732402       256.00
      135.17     0.996289      8733851       269.47
      137.22     0.996484      8735312       284.44
      140.29     0.996680      8737279       301.18
      143.36     0.996875      8739088       320.00
      145.41     0.997070      8740331       341.33
      148.48     0.997266      8742073       365.71
      151.55     0.997461      8743678       393.85
      155.65     0.997656      8745444       426.67
      159.74     0.997852      8747085       465.45
      164.86     0.998047      8748966       512.00
      166.91     0.998145      8749698       538.95
      169.98     0.998242      8750718       568.89
      173.06     0.998340      8751617       602.35
      176.13     0.998437      8752448       640.00
      179.20     0.998535      8753146       682.67
      182.27     0.998633      8753934       731.43
      186.37     0.998730      8754963       787.69
      190.46     0.998828      8755717       853.33
      194.56     0.998926      8756554       930.91
      199.68     0.999023      8757448      1024.00
      201.73     0.999072      8757764      1077.89
      204.80     0.999121      8758223      1137.78
      207.87     0.999170      8758741      1204.71
      209.92     0.999219      8759039      1280.00
      212.99     0.999268      8759511      1365.33
      217.09     0.999316      8760016      1462.86
      220.16     0.999365      8760362      1575.38
      223.23     0.999414      8760775      1706.67
      227.33     0.999463      8761250      1861.82
      231.42     0.999512      8761704      2048.00
      233.47     0.999536      8761872      2155.79
      236.54     0.999561      8762081      2275.56
      238.59     0.999585      8762252      2409.41
      241.66     0.999609      8762512      2560.00
      243.71     0.999634      8762713      2730.67
      246.78     0.999658      8762942      2925.71
      250.88     0.999683      8763153      3150.77
      254.97     0.999707      8763362      3413.33
      259.07     0.999731      8763588      3723.64
      262.14     0.999756      8763775      4096.00
      264.19     0.999768      8763865      4311.58
      268.29     0.999780      8763995      4551.11
      272.38     0.999792      8764138      4818.82
      274.43     0.999805      8764229      5120.00
      276.48     0.999817      8764292      5461.33
      280.57     0.999829      8764427      5851.43
      282.62     0.999841      8764502      6301.54
      286.72     0.999854      8764603      6826.67
      290.81     0.999866      8764727      7447.27
      294.91     0.999878      8764854      8192.00
      296.96     0.999884      8764905      8623.16
      299.01     0.999890      8764949      9102.22
      301.06     0.999896      8764986      9637.65
      305.15     0.999902      8765064     10240.00
      307.20     0.999908      8765127     10922.67
      309.25     0.999915      8765185     11702.86
      311.30     0.999921      8765218     12603.08
      313.34     0.999927      8765256     13653.33
      317.44     0.999933      8765327     14894.55
      319.49     0.999939      8765352     16384.00
      321.54     0.999942      8765380     17246.32
      325.63     0.999945      8765426     18204.44
      327.68     0.999948      8765455     19275.29
      329.73     0.999951      8765491     20480.00
      329.73     0.999954      8765491     21845.33
      333.82     0.999957      8765533     23405.71
      335.87     0.999960      8765551     25206.15
      337.92     0.999963      8765574     27306.67
      339.97     0.999966      8765596     29789.09
      344.06     0.999969      8765631     32768.00
      346.11     0.999971      8765635     34492.63
      350.21     0.999973      8765655     36408.89
      352.25     0.999974      8765666     38550.59
      354.30     0.999976      8765679     40960.00
      356.35     0.999977      8765691     43690.67
      360.45     0.999979      8765701     46811.43
      364.54     0.999980      8765720     50412.31
      366.59     0.999982      8765732     54613.33
      368.64     0.999983      8765742     59578.18
      378.88     0.999985      8765755     65536.00
      380.93     0.999986      8765767     68985.26
      380.93     0.999986      8765767     72817.78
      382.98     0.999987      8765774     77101.18
      389.12     0.999988      8765781     81920.00
      391.17     0.999989      8765792     87381.33
      393.21     0.999989      8765802     93622.86
      393.21     0.999990      8765802    100824.62
      395.26     0.999991      8765810    109226.67
      397.31     0.999992      8765819    119156.36
      399.36     0.999992      8765826    131072.00
      399.36     0.999993      8765826    137970.53
      401.41     0.999993      8765835    145635.56
      401.41     0.999994      8765835    154202.35
      401.41     0.999994      8765835    163840.00
      403.45     0.999994      8765839    174762.67
      405.50     0.999995      8765850    187245.71
      405.50     0.999995      8765850    201649.23
      405.50     0.999995      8765850    218453.33
      407.55     0.999996      8765860    238312.73
      407.55     0.999996      8765860    262144.00
      407.55     0.999996      8765860    275941.05
      407.55     0.999997      8765860    291271.11
      407.55     0.999997      8765860    308404.71
      409.60     0.999997      8765865    327680.00
      409.60     0.999997      8765865    349525.33
      409.60     0.999997      8765865    374491.43
      411.65     0.999998      8765866    403298.46
      421.89     0.999998      8765869    436906.67
      421.89     0.999998      8765869    476625.45
      434.18     0.999998      8765872    524288.00
      434.18     0.999998      8765872    551882.11
      434.18     0.999998      8765872    582542.22
      438.27     0.999998      8765878    616809.41
      438.27     0.999998      8765878    655360.00
      438.27     0.999999      8765878    699050.67
      438.27     0.999999      8765878    748982.86
      438.27     0.999999      8765878    806596.92
      438.27     0.999999      8765878    873813.33
      438.27     0.999999      8765878    953250.91
      440.32     0.999999      8765887   1048576.00
      440.32     1.000000      8765887          inf
#[Mean    =       13.669, StdDeviation   =       15.642]
#[Max     =      440.319, Total count    =      8765887]
#[Buckets =           10, SubBuckets     =          256]
