       Value   Percentile   TotalCount 1/(1-Percentile)

        0.17     0.000000            4         1.00
        3.54     0.050000       391977         1.05
        5.50     0.100000       791049         1.11
        7.33     0.150000      1187236         1.18
        8.51     0.200000      1573997         1.25
        8.83     0.250000      2027142         1.33
        8.89     0.300000      2404346         1.43
        8.96     0.350000      2815668         1.54
        9.02     0.400000      3256350         1.67
        9.09     0.450000      3586791         1.82
        9.21     0.500000      4060002         2.00
        9.28     0.525000      4212737         2.11
        9.34     0.550000      4321554         2.22
        9.60     0.575000      4537281         2.35
        9.86     0.600000      4710568         2.50
       10.37     0.625000      4912369         2.67
       11.13     0.650000      5094390         2.86
       12.22     0.675000      5295567         3.08
       13.38     0.700000      5486435         3.33
       14.78     0.725000      5684309         3.64
       16.00     0.750000      5876997         4.00
       16.64     0.762500      5987521         4.21
       17.02     0.775000      6106500         4.44
       17.15     0.787500      6179358         4.71
       17.54     0.800000      6283790         5.00
       18.18     0.812500      6374774         5.33
       18.94     0.825000      6471902         5.71
       19.71     0.837500      6568002         6.15
       20.48     0.850000      6669546         6.67
       21.12     0.862500      6795429         7.27
       21.38     0.875000      6873594         8.00
       21.63     0.881250      6908115         8.42
       22.14     0.887500      6961193         8.89
       22.78     0.893750      7009601         9.41
       23.55     0.900000      7058033        10.00
       24.32     0.906250      7105990        10.67
       25.09     0.912500      7150856        11.43
       25.86     0.918750      7201124        12.31
       27.01     0.925000      7248320        13.33
       28.29     0.931250      7302878        14.55
       29.31     0.937500      7355887        16.00
       29.70     0.940625      7375964        16.84
       30.21     0.943750      7397271        17.78
       30.85     0.946875      7421161        18.82
       31.49     0.950000      7444121        20.00
       32.26     0.953125      7471638        21.33
       33.02     0.956250      7493405        22.86
       33.79     0.959375      7519343        24.62
       35.07     0.962500      7545928        26.67
       36.35     0.965625      7567582        29.09
       37.89     0.968750      7592934        32.00
       38.66     0.970313      7603993        33.68
       39.68     0.971875      7617662        35.56
       40.70     0.973437      7629283        37.65
       41.73     0.975000      7640707        40.00
       43.01     0.976562      7652318        42.67
       45.05     0.978125      7665023        45.71
       47.36     0.979688      7676798        49.23
       50.43     0.981250      7689661        53.33
       53.50     0.982812      7701580        58.18
       57.34     0.984375      7713556        64.00
       59.90     0.985156      7720224        67.37
       62.21     0.985938      7725903        71.11
       64.77     0.986719      7731867        75.29
       68.09     0.987500      7738653        80.00
       71.68     0.988281      7744670        85.33
       75.78     0.989062      7750366        91.43
       80.89     0.989844      7756756        98.46
       86.53     0.990625      7762814       106.67
       92.67     0.991406      7768767       116.36
       99.33     0.992188      7774779       128.00
      103.42     0.992578      7778116       134.74
      107.52     0.992969      7781173       142.22
      111.10     0.993359      7784023       150.59
      114.69     0.993750      7786947       160.00
      118.78     0.994141      7790166       170.67
      122.88     0.994531      7793292       182.86
      126.97     0.994922      7796264       196.92
      131.07     0.995313      7799256       213.33
      136.19     0.995703      7802587       232.73
      141.31     0.996094      7805801       256.00
      143.36     0.996289      7806955       269.47
      146.43     0.996484      7808593       284.44
      149.50     0.996680      7810216       301.18
      152.57     0.996875      7811606       320.00
      155.65     0.997070      7812999       341.33
      159.74     0.997266      7814657       365.71
      163.84     0.997461      7816217       393.85
      167.94     0.997656      7817546       426.67
      173.06     0.997852      7819135       465.45
      179.20     0.998047      7820850       512.00
      182.27     0.998145      7821584       538.95
      185.34     0.998242      7822319       568.89
      188.41     0.998340      7823040       602.35
      191.49     0.998437      7823689       640.00
      195.58     0.998535      7824471       682.67
      200.70     0.998633      7825271       731.43
      204.80     0.998730      7826035       787.69
      208.90     0.998828      7826765       853.33
      212.99     0.998926      7827504       930.91
      218.11     0.999023      7828305      1024.00
      220.16     0.999072      7828682      1077.89
      223.23     0.999121      7829177      1137.78
      225.28     0.999170      7829538      1204.71
      227.33     0.999219      7829885      1280.00
      229.38     0.999268      7830224      1365.33
      231.42     0.999316      7830555      1462.86
      235.52     0.999365      7831026      1575.38
      238.59     0.999414      7831416      1706.67
      241.66     0.999463      7831789      1861.82
      245.76     0.999512      7832164      2048.00
      247.81     0.999536      7832364      2155.79
      248.83     0.999561      7832464      2275.56
      250.88     0.999585      7832697      2409.41
      252.93     0.999609      7832855      2560.00
      256.00     0.999634      7833080      2730.67
      258.05     0.999658      7833226      2925.71
      261.12     0.999683      7833427      3150.77
      264.19     0.999707      7833616      3413.33
      268.29     0.999731      7833847      3723.64
      272.38     0.999756      7834042      4096.00
      274.43     0.999768      7834096      4311.58
      278.53     0.999780      7834264      4551.11
      280.57     0.999792      7834360      4818.82
      282.62     0.999805      7834429      5120.00
      284.67     0.999817      7834505      5461.33
      286.72     0.999829      7834584      5851.43
      290.81     0.999841      7834725      6301.54
      292.86     0.999854      7834793      6826.67
      296.96     0.999866      7834906      7447.27
      299.01     0.999878      7834977      8192.00
      301.06     0.999884      7835041      8623.16
      303.10     0.999890      7835086      9102.22
      305.15     0.999896      7835113      9637.65
      309.25     0.999902      7835175     10240.00
      311.30     0.999908      7835228     10922.67
      313.34     0.999915      7835268     11702.86
      315.39     0.999921      7835298     12603.08
      319.49     0.999927      7835356     13653.33
      321.54     0.999933      7835407     14894.55
      323.58     0.999939      7835449     16384.00
      323.58     0.999942      7835449     17246.32
      325.63     0.999945      7835485     18204.44
      327.68     0.999948      7835532     19275.29
      327.68     0.999951      7835532     20480.00
      329.73     0.999954      7835562     21845.33
      331.77     0.999957      7835581     23405.71
      333.82     0.999960      7835600     25206.15
      337.92     0.999963      7835644     27306.67
      337.92     0.999966      7835644     29789.09
      339.97     0.999969      7835677     32768.00
      339.97     0.999971      7835677     34492.63
      342.01     0.999973      7835696     36408.89
      344.06     0.999974      7835703     38550.59
      346.11     0.999976      7835719     40960.00
      348.16     0.999977      7835731     43690.67
      350.21     0.999979      7835739     46811.43
      354.30     0.999980      7835760     50412.31
      354.30     0.999982      7835760     54613.33
      356.35     0.999983      7835784     59578.18
      356.35     0.999985      7835784     65536.00
      358.40     0.999986      7835792     68985.26
      362.50     0.999986      7835796     72817.78
      368.64     0.999987      7835803     77101.18
      372.74     0.999988      7835811     81920.00
      374.78     0.999989      7835818     87381.33
      380.93     0.999989      7835821     93622.86
      382.98     0.999990      7835829    100824.62
      385.02     0.999991      7835840    109226.67
      385.02     0.999992      7835840    119156.36
      393.21     0.999992      7835848    131072.00
      393.21     0.999993      7835848    137970.53
      395.26     0.999993      7835854    145635.56
      395.26     0.999994      7835854    154202.35
      397.31     0.999994      7835863    163840.00
      397.31     0.999994      7835863    174762.67
      397.31     0.999995      7835863    187245.71
      399.36     0.999995      7835865    201649.23
      403.45     0.999995      7835869    218453.33
      405.50     0.999996      7835875    238312.73
      405.50     0.999996      7835875    262144.00
      405.50     0.999996      7835875    275941.05
      417.79     0.999997      7835882    291271.11
      417.79     0.999997      7835882    308404.71
      417.79     0.999997      7835882    327680.00
      417.79     0.999997      7835882    349525.33
      419.84     0.999997      7835886    374491.43
      419.84     0.999998      7835886    403298.46
      419.84     0.999998      7835886    436906.67
      423.94     0.999998      7835888    476625.45
      425.98     0.999998      7835894    524288.00
      425.98     0.999998      7835894    551882.11
      425.98     0.999998      7835894    582542.22
      425.98     0.999998      7835894    616809.41
      425.98     0.999998      7835894    655360.00
      425.98     0.999999      7835894    699050.67
      425.98     0.999999      7835894    748982.86
      425.98     0.999999      7835894    806596.92
      432.13     0.999999      7835899    873813.33
      432.13     0.999999      7835899    953250.91
      432.13     0.999999      7835899   1048576.00
      432.13     0.999999      7835899   1103764.21
      432.13     0.999999      7835899   1165084.44
      432.13     0.999999      7835899   1233618.82
      432.13     0.999999      7835899   1310720.00
      432.13     0.999999      7835899   1398101.33
      432.13     0.999999      7835899   1497965.71
      432.13     0.999999      7835899   1613193.85
      432.13     0.999999      7835899   1747626.67
      432.13     0.999999      7835899   1906501.82
      434.18     1.000000      7835903   2097152.00
      434.18     1.000000      7835903          inf
#[Mean    =       13.894, StdDeviation   =       16.333]
#[Max     =      434.175, Total count    =      7835903]
#[Buckets =           10, SubBuckets     =          256]
