       Value   Percentile   TotalCount 1/(1-Percentile)

        0.19     0.000000            1         1.00
        3.55     0.050000        39312         1.05
        5.50     0.100000        79005         1.11
        7.33     0.150000       118313         1.18
        8.51     0.200000       156912         1.25
        8.83     0.250000       201722         1.33
        8.89     0.300000       239300         1.43
        8.96     0.350000       280424         1.54
        9.02     0.400000       324203         1.67
        9.09     0.450000       357342         1.82
        9.21     0.500000       405259         2.00
        9.28     0.525000       420804         2.11
        9.34     0.550000       431709         2.22
        9.60     0.575000       453303         2.35
        9.86     0.600000       470600         2.50
       10.37     0.625000       490956         2.67
       11.20     0.650000       510327         2.86
       12.22     0.675000       529345         3.08
       13.44     0.700000       549232         3.33
       14.78     0.725000       568298         3.64
       16.06     0.750000       589628         4.00
       16.64     0.762500       598459         4.21
       17.02     0.775000       610135         4.44
       17.15     0.787500       617586         4.71
       17.54     0.800000       628122         5.00
       18.18     0.812500       637349         5.33
       18.94     0.825000       647056         5.71
       19.71     0.837500       656619         6.15
       20.48     0.850000       666720         6.67
       21.12     0.862500       679346         7.27
       21.38     0.875000       687058         8.00
       21.76     0.881250       691804         8.42
       22.14     0.887500       695717         8.89
       22.78     0.893750       700603         9.41
       23.55     0.900000       705516        10.00
       24.32     0.906250       710379        10.67
       25.21     0.912500       716173        11.43
       25.98     0.918750       720535        12.31
       27.14     0.925000       725068        13.33
       28.29     0.931250       730068        14.55
       29.31     0.937500       735265        16.00
       29.70     0.940625       737278        16.84
       30.34     0.943750       739867        17.78
       30.98     0.946875       742128        18.82
       31.74     0.950000       744889        20.00
       32.38     0.953125       747143        21.33
       33.28     0.956250       750061        22.86
       34.05     0.959375       752170        24.62
       35.33     0.962500       754676        26.67
       36.61     0.965625       756780        29.09
       38.14     0.968750       759399        32.00
       38.91     0.970313       760521        33.68
       39.94     0.971875       761826        35.56
       40.96     0.973437       762891        37.65
       42.24     0.975000       764337        40.00
       43.52     0.976562       765367        42.67
       45.82     0.978125       766652        45.71
       48.64     0.979688       767843        49.23
       51.20     0.981250       769002        53.33
       54.78     0.982812       770261        58.18
       59.39     0.984375       771483        64.00
       61.95     0.985156       772120        67.37
       64.25     0.985938       772693        71.11
       67.58     0.986719       773352        75.29
       70.66     0.987500       773919        80.00
       74.75     0.988281       774524        85.33
       79.87     0.989062       775171        91.43
       84.48     0.989844       775779        98.46
       89.09     0.990625       776376       106.67
       94.72     0.991406       776970       116.36
      101.38     0.992188       777600       128.00
      104.96     0.992578       777882       134.74
      109.06     0.992969       778188       142.22
      112.64     0.993359       778481       150.59
      116.73     0.993750       778801       160.00
      120.83     0.994141       779136       170.67
      123.90     0.994531       779406       182.86
      128.00     0.994922       779706       196.92
      132.09     0.995313       780037       213.33
      137.22     0.995703       780355       232.73
      142.34     0.996094       780655       256.00
      145.41     0.996289       780830       269.47
      147.46     0.996484       780941       284.44
      150.53     0.996680       781103       301.18
      154.62     0.996875       781276       320.00
      157.69     0.997070       781427       341.33
      160.77     0.997266       781555       365.71
      164.86     0.997461       781728       393.85
      169.98     0.997656       781860       426.67
      175.10     0.997852       782019       465.45
      181.25     0.998047       782174       512.00
      184.32     0.998145       782251       538.95
      187.39     0.998242       782315       568.89
      190.46     0.998340       782388       602.35
      194.56     0.998437       782471       640.00
      198.66     0.998535       782539       682.67
      203.78     0.998633       782626       731.43
      207.87     0.998730       782701       787.69
      212.99     0.998828       782783       853.33
      217.09     0.998926       782860       930.91
      221.18     0.999023       782930      1024.00
      223.23     0.999072       782963      1077.89
      225.28     0.999121       782998      1137.78
      228.35     0.999170       783049      1204.71
      230.40     0.999219       783086      1280.00
      232.45     0.999268       783126      1365.33
      234.50     0.999316       783157      1462.86
      237.57     0.999365       783198      1575.38
      240.64     0.999414       783239      1706.67
      243.71     0.999463       783279      1861.82
      247.81     0.999512       783308      2048.00
      248.83     0.999536       783326      2155.79
      249.85     0.999561       783344      2275.56
      251.90     0.999585       783369      2409.41
      253.95     0.999609       783388      2560.00
      256.00     0.999634       783404      2730.67
      259.07     0.999658       783420      2925.71
      261.12     0.999683       783440      3150.77
      264.19     0.999707       783458      3413.33
      266.24     0.999731       783475      3723.64
      270.33     0.999756       783501      4096.00
      272.38     0.999768       783515      4311.58
      272.38     0.999780       783515      4551.11
      276.48     0.999792       783524      4818.82
      278.53     0.999805       783537      5120.00
      280.57     0.999817       783544      5461.33
      284.67     0.999829       783556      5851.43
      286.72     0.999841       783564      6301.54
      288.77     0.999854       783571      6826.67
      292.86     0.999866       783584      7447.27
      294.91     0.999878       783590      8192.00
      296.96     0.999884       783596      8623.16
      299.01     0.999890       783603      9102.22
      301.06     0.999896       783606      9637.65
      303.10     0.999902       783610     10240.00
      307.20     0.999908       783616     10922.67
      311.30     0.999915       783621     11702.86
      313.34     0.999921       783625     12603.08
      315.39     0.999927       783628     13653.33
      319.49     0.999933       783634     14894.55
      323.58     0.999939       783647     16384.00
      323.58     0.999942       783647     17246.32
      323.58     0.999945       783647     18204.44
      323.58     0.999948       783647     19275.29
      323.58     0.999951       783647     20480.00
      325.63     0.999954       783650     21845.33
      327.68     0.999957       783655     23405.71
      327.68     0.999960       783655     25206.15
      329.73     0.999963       783658     27306.67
      331.77     0.999966       783661     29789.09
      337.92     0.999969       783663     32768.00
      337.92     0.999971       783663     34492.63
      339.97     0.999973       783666     36408.89
      339.97     0.999974       783666     38550.59
      339.97     0.999976       783666     40960.00
      342.01     0.999977       783668     43690.67
      344.06     0.999979       783669     46811.43
      348.16     0.999980       783671     50412.31
      348.16     0.999982       783671     54613.33
      350.21     0.999983       783672     59578.18
      354.30     0.999985       783676     65536.00
      354.30     0.999986       783676     68985.26
      354.30     0.999986       783676     72817.78
      354.30     0.999987       783676     77101.18
      354.30     0.999988       783676     81920.00
      356.35     0.999989       783678     87381.33
      356.35     0.999989       783678     93622.86
      356.35     0.999990       783678    100824.62
      356.35     0.999991       783678    109226.67
      368.64     0.999992       783679    119156.36
      370.69     0.999992       783680    131072.00
      370.69     0.999993       783680    137970.53
      370.69     0.999993       783680    145635.56
      370.69     0.999994       783680    154202.35
      382.98     0.999994       783681    163840.00
      382.98     0.999994       783681    174762.67
      382.98     0.999995       783681    187245.71
      393.21     0.999995       783683    201649.23
      393.21     0.999995       783683    218453.33
      393.21     0.999996       783683    238312.73
      393.21     0.999996       783683    262144.00
      393.21     0.999996       783683    275941.05
      393.21     0.999997       783683    291271.11
      393.21     0.999997       783683    308404.71
      393.21     0.999997       783683    327680.00
      393.21     0.999997       783683    349525.33
      393.21     0.999997       783683    374491.43
      401.41     0.999998       783684    403298.46
      401.41     0.999998       783684    436906.67
      401.41     0.999998       783684    476625.45
      401.41     0.999998       783684    524288.00
      401.41     0.999998       783684    551882.11
      401.41     0.999998       783684    582542.22
      401.41     0.999998       783684    616809.41
      401.41     0.999998       783684    655360.00
      401.41     0.999999       783684    699050.67
      401.41     0.999999       783684    748982.86
      425.98     0.999999       783685    806596.92
      425.98     1.000000       783685          inf
#[Mean    =       13.954, StdDeviation   =       16.532]
#[Max     =      425.983, Total count    =       783685]
#[Buckets =           10, SubBuckets     =          256]
