       Value   Percentile   TotalCount 1/(1-Percentile)

        0.17     0.000000            4         1.00
        3.54     0.050000       431070         1.05
        5.50     0.100000       870054         1.11
        7.33     0.150000      1305549         1.18
        8.51     0.200000      1730909         1.25
        8.83     0.250000      2228864         1.33
        8.89     0.300000      2643646         1.43
        8.96     0.350000      3096092         1.54
        9.02     0.400000      3580553         1.67
        9.09     0.450000      3944133         1.82
        9.21     0.500000      4465261         2.00
        9.28     0.525000      4633541         2.11
        9.34     0.550000      4753263         2.22
        9.60     0.575000      4990584         2.35
        9.86     0.600000      5181168         2.50
       10.37     0.625000      5403325         2.67
       11.13     0.650000      5603586         2.86
       12.22     0.675000      5824912         3.08
       13.38     0.700000      6034740         3.33
       14.78     0.725000      6252607         3.64
       16.06     0.750000      6487473         4.00
       16.64     0.762500      6585980         4.21
       17.02     0.775000      6716635         4.44
       17.15     0.787500      6796944         4.71
       17.54     0.800000      6911912         5.00
       18.18     0.812500      7012123         5.33
       18.94     0.825000      7118958         5.71
       19.71     0.837500      7224621         6.15
       20.48     0.850000      7336266         6.67
       21.12     0.862500      7474775         7.27
       21.38     0.875000      7560652         8.00
       21.63     0.881250      7598591         8.42
       22.14     0.887500      7656910         8.89
       22.78     0.893750      7710204         9.41
       23.55     0.900000      7763549        10.00
       24.32     0.906250      7816369        10.67
       25.09     0.912500      7865732        11.43
       25.86     0.918750      7921021        12.31
       27.14     0.925000      7978707        13.33
       28.29     0.931250      8032946        14.55
       29.31     0.937500      8091152        16.00
       29.70     0.940625      8113242        16.84
       30.21     0.943750      8136638        17.78
       30.85     0.946875      8162882        18.82
       31.61     0.950000      8192980        20.00
       32.26     0.953125      8218405        21.33
       33.28     0.956250      8254380        22.86
       33.79     0.959375      8270998        24.62
       35.07     0.962500      8300174        26.67
       36.35     0.965625      8324022        29.09
       37.89     0.968750      8351959        32.00
       38.66     0.970313      8364121        33.68
       39.68     0.971875      8379148        35.56
       40.70     0.973437      8391943        37.65
       41.73     0.975000      8404504        40.00
       43.26     0.976562      8419405        42.67
       45.05     0.978125      8431249        45.71
       47.62     0.979688      8445353        49.23
       50.43     0.981250      8458335        53.33
       53.76     0.982812      8472318        58.18
       57.60     0.984375      8485242        64.00
       59.90     0.985156      8491835        67.37
       62.46     0.985938      8498918        71.11
       65.02     0.986719      8505262        75.29
       68.09     0.987500      8512099        80.00
       71.68     0.988281      8518748        85.33
       76.29     0.989062      8525719        91.43
       80.89     0.989844      8532055        98.46
       86.53     0.990625      8538808       106.67
       92.67     0.991406      8545537       116.36
       99.84     0.992188      8552644       128.00
      103.42     0.992578      8555871       134.74
      107.52     0.992969      8559253       142.22
      111.10     0.993359      8562364       150.59
      115.20     0.993750      8566016       160.00
      118.78     0.994141      8569144       170.67
      122.88     0.994531      8572606       182.86
      126.97     0.994922      8575892       196.92
      131.07     0.995313      8579219       213.33
      136.19     0.995703      8582888       232.73
      141.31     0.996094      8586401       256.00
      143.36     0.996289      8587661       269.47
      146.43     0.996484      8589484       284.44
      149.50     0.996680      8591272       301.18
      152.57     0.996875      8592780       320.00
      156.67     0.997070      8594819       341.33
      159.74     0.997266      8596170       365.71
      163.84     0.997461      8597898       393.85
      168.96     0.997656      8599673       426.67
      173.06     0.997852      8601095       465.45
      179.20     0.998047      8602979       512.00
      182.27     0.998145      8603781       538.95
      185.34     0.998242      8604591       568.89
      188.41     0.998340      8605377       602.35
      192.51     0.998437      8606337       640.00
      196.61     0.998535      8607146       682.67
      200.70     0.998633      8607843       731.43
      204.80     0.998730      8608674       787.69
      209.92     0.998828      8609687       853.33
      214.01     0.998926      8610456       930.91
      218.11     0.999023      8611187      1024.00
      220.16     0.999072      8611594      1077.89
      223.23     0.999121      8612140      1137.78
      225.28     0.999170      8612536      1204.71
      227.33     0.999219      8612919      1280.00
      229.38     0.999268      8613289      1365.33
      232.45     0.999316      8613817      1462.86
      235.52     0.999365      8614197      1575.38
      238.59     0.999414      8614625      1706.67
      241.66     0.999463      8615042      1861.82
      245.76     0.999512      8615454      2048.00
      247.81     0.999536      8615672      2155.79
      249.85     0.999561      8615934      2275.56
      250.88     0.999585      8616050      2409.41
      252.93     0.999609      8616231      2560.00
      256.00     0.999634      8616484      2730.67
      258.05     0.999658      8616642      2925.71
      261.12     0.999683      8616867      3150.77
      264.19     0.999707      8617074      3413.33
      268.29     0.999731      8617330      3723.64
      272.38     0.999756      8617557      4096.00
      274.43     0.999768      8617616      4311.58
      278.53     0.999780      8617801      4551.11
      278.53     0.999792      8617801      4818.82
      282.62     0.999805      8617977      5120.00
      284.67     0.999817      8618061      5461.33
      286.72     0.999829      8618148      5851.43
      288.77     0.999841      8618222      6301.54
      292.86     0.999854      8618377      6826.67
      296.96     0.999866      8618502      7447.27
      299.01     0.999878      8618580      8192.00
      301.06     0.999884      8618647      8623.16
      301.06     0.999890      8618647      9102.22
      303.10     0.999896      8618696      9637.65
      307.20     0.999902      8618751     10240.00
      311.30     0.999908      8618849     10922.67
      313.34     0.999915      8618893     11702.86
      315.39     0.999921      8618926     12603.08
      319.49     0.999927      8618990     13653.33
      321.54     0.999933      8619044     14894.55
      323.58     0.999939      8619096     16384.00
      323.58     0.999942      8619096     17246.32
      325.63     0.999945      8619135     18204.44
      327.68     0.999948      8619187     19275.29
      327.68     0.999951      8619187     20480.00
      329.73     0.999954      8619220     21845.33
      329.73     0.999957      8619220     23405.71
      333.82     0.999960      8619261     25206.15
      335.87     0.999963      8619276     27306.67
      337.92     0.999966      8619307     29789.09
      339.97     0.999969      8619343     32768.00
      339.97     0.999971      8619343     34492.63
      342.01     0.999973      8619364     36408.89
      344.06     0.999974      8619372     38550.59
      346.11     0.999976      8619388     40960.00
      348.16     0.999977      8619402     43690.67
      350.21     0.999979      8619411     46811.43
      352.25     0.999980      8619418     50412.31
      354.30     0.999982      8619436     54613.33
      356.35     0.999983      8619462     59578.18
      356.35     0.999985      8619462     65536.00
      358.40     0.999986      8619470     68985.26
      358.40     0.999986      8619470     72817.78
      368.64     0.999987      8619482     77101.18
      370.69     0.999988      8619486     81920.00
      372.74     0.999989      8619491     87381.33
      374.78     0.999989      8619498     93622.86
      382.98     0.999990      8619510    100824.62
      382.98     0.999991      8619510    109226.67
      385.02     0.999992      8619521    119156.36
      391.17     0.999992      8619524    131072.00
      393.21     0.999993      8619531    137970.53
      393.21     0.999993      8619531    145635.56
      395.26     0.999994      8619537    154202.35
      395.26     0.999994      8619537    163840.00
      397.31     0.999994      8619546    174762.67
      397.31     0.999995      8619546    187245.71
      397.31     0.999995      8619546    201649.23
      401.41     0.999995      8619549    218453.33
      403.45     0.999996      8619553    238312.73
      405.50     0.999996      8619559    262144.00
      405.50     0.999996      8619559    275941.05
      405.50     0.999997      8619559    291271.11
      417.79     0.999997      8619566    308404.71
      417.79     0.999997      8619566    327680.00
      417.79     0.999997      8619566    349525.33
      417.79     0.999997      8619566    374491.43
      419.84     0.999998      8619570    403298.46
      419.84     0.999998      8619570    436906.67
      419.84     0.999998      8619570    476625.45
      423.94     0.999998      8619572    524288.00
      425.98     0.999998      8619579    551882.11
      425.98     0.999998      8619579    582542.22
      425.98     0.999998      8619579    616809.41
      425.98     0.999998      8619579    655360.00
      425.98     0.999999      8619579    699050.67
      425.98     0.999999      8619579    748982.86
      425.98     0.999999      8619579    806596.92
      425.98     0.999999      8619579    873813.33
      425.98     0.999999      8619579    953250.91
      432.13     0.999999      8619584   1048576.00
      432.13     0.999999      8619584   1103764.21
      432.13     0.999999      8619584   1165084.44
      432.13     0.999999      8619584   1233618.82
      432.13     0.999999      8619584   1310720.00
      432.13     0.999999      8619584   1398101.33
      432.13     0.999999      8619584   1497965.71
      432.13     0.999999      8619584   1613193.85
      432.13     0.999999      8619584   1747626.67
      432.13     0.999999      8619584   1906501.82
      432.13     1.000000      8619584   2097152.00
      434.18     1.000000      8619588   2207528.42
      434.18     1.000000      8619588          inf
#[Mean    =       13.900, StdDeviation   =       16.352]
#[Max     =      434.175, Total count    =      8619588]
#[Buckets =           10, SubBuckets     =          256]
