       Value   Percentile   TotalCount 1/(1-Percentile)

        0.14     0.000000            3         1.00
        0.69     0.050000      1670727         1.05
        0.81     0.100000      3359604         1.11
        1.01     0.150000      4959994         1.18
        1.25     0.200000      6609993         1.25
        1.45     0.250000      8326447         1.33
        1.60     0.300000      9956765         1.43
        1.77     0.350000     11552134         1.54
        1.98     0.400000     13218419         1.67
        2.21     0.450000     14965130         1.82
        2.43     0.500000     16597367         2.00
        2.54     0.525000     17331578         2.11
        2.69     0.550000     18176476         2.22
        2.85     0.575000     19017206         2.35
        3.01     0.600000     19816140         2.50
        3.18     0.625000     20664105         2.67
        3.38     0.650000     21519200         2.86
        3.58     0.675000     22336513         3.08
        3.79     0.700000     23134465         3.33
        4.00     0.725000     23950536         3.64
        4.22     0.750000     24759199         4.00
        4.38     0.762500     25243128         4.21
        4.51     0.775000     25584037         4.44
        4.67     0.787500     25993937         4.71
        4.86     0.800000     26460206         5.00
        5.02     0.812500     26818029         5.33
        5.25     0.825000     27287856         5.71
        5.44     0.837500     27665274         6.15
        5.66     0.850000     28079151         6.67
        5.92     0.862500     28512706         7.27
        6.17     0.875000     28917547         8.00
        6.30     0.881250     29108938         8.42
        6.43     0.887500     29293057         8.89
        6.59     0.893750     29511368         9.41
        6.75     0.900000     29715865        10.00
        6.94     0.906250     29943557        10.67
        7.10     0.912500     30128272        11.43
        7.29     0.918750     30329305        12.31
        7.52     0.925000     30540271        13.33
        7.74     0.931250     30735806        14.55
        7.97     0.937500     30944702        16.00
        8.10     0.940625     31067422        16.84
        8.19     0.943750     31149449        17.78
        8.32     0.946875     31252223        18.82
        8.51     0.950000     31375428        20.00
        8.64     0.953125     31456247        21.33
        8.83     0.956250     31568143        22.86
        9.02     0.959375     31669555        24.62
        9.28     0.962500     31792321        26.67
        9.47     0.965625     31876416        29.09
        9.79     0.968750     31992456        32.00
        9.92     0.970313     32034227        33.68
       10.11     0.971875     32093782        35.56
       10.24     0.973437     32132549        37.65
       10.43     0.975000     32185872        40.00
       10.62     0.976562     32233089        42.67
       10.88     0.978125     32290373        45.71
       11.13     0.979688     32341164        49.23
       11.39     0.981250     32386174        53.33
       11.71     0.982812     32436157        58.18
       12.03     0.984375     32488016        64.00
       12.22     0.985156     32518078        67.37
       12.41     0.985938     32543227        71.11
       12.61     0.986719     32565431        75.29
       12.86     0.987500     32593200        80.00
       13.12     0.988281     32618604        85.33
       13.38     0.989062     32642433        91.43
       13.70     0.989844     32669310        98.46
       14.08     0.990625     32697181       106.67
       14.46     0.991406     32721476       116.36
       14.91     0.992188     32745721       128.00
       15.23     0.992578     32760455       134.74
       15.55     0.992969     32773278       142.22
       15.87     0.993359     32786226       150.59
       16.13     0.993750     32797082       160.00
       16.51     0.994141     32811608       170.67
       16.89     0.994531     32824534       182.86
       17.28     0.994922     32836115       196.92
       17.79     0.995313     32850077       213.33
       18.30     0.995703     32861360       232.73
       19.07     0.996094     32876495       256.00
       19.33     0.996289     32881361       269.47
       19.71     0.996484     32888570       284.44
       20.09     0.996680     32895486       301.18
       20.48     0.996875     32900876       320.00
       20.86     0.997070     32906311       341.33
       21.38     0.997266     32912953       365.71
       22.02     0.997461     32919712       393.85
       22.78     0.997656     32926481       426.67
       23.55     0.997852     32932381       465.45
       24.32     0.998047     32938618       512.00
       24.83     0.998145     32941946       538.95
       25.34     0.998242     32945104       568.89
       25.98     0.998340     32948662       602.35
       26.62     0.998437     32952001       640.00
       27.26     0.998535     32954974       682.67
       28.03     0.998633     32958325       731.43
       28.67     0.998730     32961102       787.69
       29.57     0.998828     32964630       853.33
       30.46     0.998926     32967871       930.91
       31.36     0.999023     32970992      1024.00
       31.87     0.999072     32972477      1077.89
       32.38     0.999121     32974052      1137.78
       33.02     0.999170     32975649      1204.71
       33.79     0.999219     32977505      1280.00
       34.56     0.999268     32979246      1365.33
       35.33     0.999316     32980903      1462.86
       36.09     0.999365     32982592      1575.38
       36.86     0.999414     32983950      1706.67
       37.89     0.999463     32985555      1861.82
       38.91     0.999512     32987142      2048.00
       39.42     0.999536     32987858      2155.79
       40.19     0.999561     32988795      2275.56
       40.70     0.999585     32989490      2409.41
       41.22     0.999609     32990104      2560.00
       41.98     0.999634     32990952      2730.67
       42.75     0.999658     32991734      2925.71
       43.52     0.999683     32992562      3150.77
       44.54     0.999707     32993445      3413.33
       45.57     0.999731     32994190      3723.64
       46.85     0.999756     32995044      4096.00
       47.36     0.999768     32995364      4311.58
       48.13     0.999780     32995767      4551.11
       49.15     0.999792     32996262      4818.82
       49.92     0.999805     32996643      5120.00
       50.69     0.999817     32997032      5461.33
       51.45     0.999829     32997519      5851.43
       51.97     0.999841     32997792      6301.54
       52.99     0.999854     32998224      6826.67
       54.02     0.999866     32998631      7447.27
       55.04     0.999878     32998971      8192.00
       55.81     0.999884     32999206      8623.16
       56.58     0.999890     32999436      9102.22
       57.09     0.999896     32999649      9637.65
       57.60     0.999902     32999805     10240.00
       58.37     0.999908     32999996     10922.67
       59.13     0.999915     33000180     11702.86
       60.16     0.999921     33000379     12603.08
       61.44     0.999927     33000608     13653.33
       62.72     0.999933     33000802     14894.55
       64.00     0.999939     33000984     16384.00
       64.77     0.999942     33001094     17246.32
       65.53     0.999945     33001183     18204.44
       66.56     0.999948     33001280     19275.29
       68.09     0.999951     33001427     20480.00
       69.12     0.999954     33001497     21845.33
       70.14     0.999957     33001600     23405.71
       72.19     0.999960     33001702     25206.15
       73.73     0.999963     33001786     27306.67
       76.29     0.999966     33001888     29789.09
       78.85     0.999969     33002000     32768.00
       79.87     0.999971     33002036     34492.63
       81.41     0.999973     33002095     36408.89
       82.94     0.999974     33002153     38550.59
       83.97     0.999976     33002194     40960.00
       86.02     0.999977     33002244     43690.67
       88.06     0.999979     33002295     46811.43
       90.62     0.999980     33002342     50412.31
       96.25     0.999982     33002392     54613.33
      100.86     0.999983     33002439     59578.18
      105.98     0.999985     33002489     65536.00
      107.52     0.999986     33002518     68985.26
      109.06     0.999986     33002542     72817.78
      111.61     0.999987     33002563     77101.18
      115.71     0.999988     33002591     81920.00
      117.25     0.999989     33002616     87381.33
      118.78     0.999989     33002640     93622.86
      121.34     0.999990     33002669    100824.62
      124.42     0.999991     33002689    109226.67
      133.12     0.999992     33002723    119156.36
      136.19     0.999992     33002745    131072.00
      137.22     0.999993     33002762    137970.53
      138.24     0.999993     33002777    145635.56
      138.24     0.999994     33002777    154202.35
      140.29     0.999994     33002800    163840.00
      141.31     0.999994     33002806    174762.67
      147.46     0.999995     33002816    187245.71
      149.50     0.999995     33002829    201649.23
      151.55     0.999995     33002844    218453.33
      153.60     0.999996     33002855    238312.73
      155.65     0.999996     33002869    262144.00
      156.67     0.999996     33002874    275941.05
      157.69     0.999997     33002884    291271.11
      157.69     0.999997     33002884    308404.71
      158.72     0.999997     33002895    327680.00
      159.74     0.999997     33002904    349525.33
      159.74     0.999997     33002904    374491.43
      161.79     0.999998     33002912    403298.46
      162.81     0.999998     33002918    436906.67
      163.84     0.999998     33002924    476625.45
      165.89     0.999998     33002929    524288.00
      167.94     0.999998     33002937    551882.11
      167.94     0.999998     33002937    582542.22
      168.96     0.999998     33002945    616809.41
      168.96     0.999998     33002945    655360.00
      168.96     0.999999     33002945    699050.67
      169.98     0.999999     33002950    748982.86
      171.01     0.999999     33002953    806596.92
      172.03     0.999999     33002954    873813.33
      174.08     0.999999     33002958    953250.91
      175.10     0.999999     33002960   1048576.00
      176.13     0.999999     33002962   1103764.21
      180.22     0.999999     33002963   1165084.44
      181.25     0.999999     33002968   1233618.82
      181.25     0.999999     33002968   1310720.00
      181.25     0.999999     33002968   1398101.33
      182.27     0.999999     33002972   1497965.71
      182.27     0.999999     33002972   1613193.85
      183.29     0.999999     33002975   1747626.67
      183.29     0.999999     33002975   1906501.82
      184.32     1.000000     33002976   2097152.00
      194.56     1.000000     33002977   2207528.42
      194.56     1.000000     33002977   2330168.89
      200.70     1.000000     33002981   2467237.65
      200.70     1.000000     33002981   2621440.00
      200.70     1.000000     33002981   2796202.67
      200.70     1.000000     33002981   2995931.43
      200.70     1.000000     33002981   3226387.69
      201.73     1.000000     33002984   3495253.33
      201.73     1.000000     33002984   3813003.64
      201.73     1.000000     33002984   4194304.00
      201.73     1.000000     33002984   4415056.84
      201.73     1.000000     33002984   4660337.78
      202.75     1.000000     33002985   4934475.29
      202.75     1.000000     33002985   5242880.00
      237.57     1.000000     33002988   5592405.33
      237.57     1.000000     33002988   5991862.86
      237.57     1.000000     33002988   6452775.39
      237.57     1.000000     33002988   6990506.67
      237.57     1.000000     33002988   7626007.28
      237.57     1.000000     33002988   8388608.00
      237.57     1.000000     33002988   8830113.68
      237.57     1.000000     33002988   9320675.55
      237.57     1.000000     33002988   9868950.59
      237.57     1.000000     33002988  10485760.00
      238.59     1.000000     33002990  11184810.67
      238.59     1.000000     33002990  11983725.71
      238.59     1.000000     33002990  12905550.76
      238.59     1.000000     33002990  13981013.34
      238.59     1.000000     33002990  15252014.55
      238.59     1.000000     33002990  16777216.00
      238.59     1.000000     33002990  17660227.38
      238.59     1.000000     33002990  18641351.10
      238.59     1.000000     33002990  19737901.19
      238.59     1.000000     33002990  20971519.98
      238.59     1.000000     33002990  22369621.33
      238.59     1.000000     33002990  23967451.45
      238.59     1.000000     33002990  25811101.52
      238.59     1.000000     33002990  27962026.68
      238.59     1.000000     33002990  30504029.05
      242.69     1.000000     33002991  33554432.00
      242.69     1.000000     33002991          inf
#[Mean    =        3.301, StdDeviation   =        3.095]
#[Max     =      242.687, Total count    =     33002991]
#[Buckets =           10, SubBuckets     =          256]
