       Value   Percentile   TotalCount 1/(1-Percentile)

        0.12     0.000000            1         1.00
        0.69     0.050000      1835979         1.05
        0.81     0.100000      3694334         1.11
        1.01     0.150000      5455143         1.18
        1.25     0.200000      7270047         1.25
        1.45     0.250000      9158291         1.33
        1.60     0.300000     10951692         1.43
        1.77     0.350000     12706546         1.54
        1.98     0.400000     14539770         1.67
        2.21     0.450000     16460778         1.82
        2.43     0.500000     18256243         2.00
        2.54     0.525000     19063680         2.11
        2.69     0.550000     19993045         2.22
        2.85     0.575000     20917434         2.35
        3.01     0.600000     21796313         2.50
        3.18     0.625000     22729536         2.67
        3.38     0.650000     23670278         2.86
        3.58     0.675000     24569161         3.08
        3.79     0.700000     25446892         3.33
        4.00     0.725000     26344587         3.64
        4.22     0.750000     27234795         4.00
        4.38     0.762500     27767085         4.21
        4.51     0.775000     28142272         4.44
        4.67     0.787500     28593047         4.71
        4.86     0.800000     29105918         5.00
        5.02     0.812500     29499563         5.33
        5.25     0.825000     30016607         5.71
        5.44     0.837500     30432198         6.15
        5.66     0.850000     30887111         6.67
        5.92     0.862500     31363871         7.27
        6.17     0.875000     31809020         8.00
        6.30     0.881250     32019622         8.42
        6.43     0.887500     32222302         8.89
        6.59     0.893750     32462358         9.41
        6.75     0.900000     32687279        10.00
        6.94     0.906250     32937657        10.67
        7.10     0.912500     33140937        11.43
        7.29     0.918750     33362170        12.31
        7.52     0.925000     33594072        13.33
        7.74     0.931250     33808925        14.55
        7.97     0.937500     34038565        16.00
        8.10     0.940625     34173592        16.84
        8.19     0.943750     34263984        17.78
        8.32     0.946875     34377120        18.82
        8.51     0.950000     34512807        20.00
        8.70     0.953125     34644083        21.33
        8.83     0.956250     34724507        22.86
        9.02     0.959375     34836102        24.62
        9.28     0.962500     34971179        26.67
        9.47     0.965625     35063701        29.09
        9.79     0.968750     35191476        32.00
        9.92     0.970313     35237253        33.68
       10.11     0.971875     35302737        35.56
       10.24     0.973437     35345377        37.65
       10.43     0.975000     35403951        40.00
       10.62     0.976562     35455795        42.67
       10.88     0.978125     35518798        45.71
       11.13     0.979688     35574659        49.23
       11.39     0.981250     35624242        53.33
       11.78     0.982812     35690053        58.18
       12.03     0.984375     35736471        64.00
       12.22     0.985156     35769600        67.37
       12.41     0.985938     35797194        71.11
       12.61     0.986719     35821580        75.29
       12.86     0.987500     35852059        80.00
       13.12     0.988281     35879986        85.33
       13.44     0.989062     35912380        91.43
       13.70     0.989844     35935723        98.46
       14.08     0.990625     35966458       106.67
       14.46     0.991406     35993247       116.36
       14.91     0.992188     36019873       128.00
       15.23     0.992578     36036169       134.74
       15.55     0.992969     36050276       142.22
       15.87     0.993359     36064521       150.59
       16.19     0.993750     36079249       160.00
       16.51     0.994141     36092364       170.67
       16.89     0.994531     36106619       182.86
       17.28     0.994922     36119355       196.92
       17.79     0.995313     36134614       213.33
       18.43     0.995703     36150008       232.73
       19.07     0.996094     36163780       256.00
       19.33     0.996289     36169178       269.47
       19.71     0.996484     36177069       284.44
       20.09     0.996680     36184637       301.18
       20.48     0.996875     36190568       320.00
       20.99     0.997070     36198510       341.33
       21.50     0.997266     36205507       365.71
       22.02     0.997461     36211330       393.85
       22.78     0.997656     36218804       426.67
       23.68     0.997852     36226195       465.45
       24.45     0.998047     36233014       512.00
       24.96     0.998145     36236515       538.95
       25.47     0.998242     36239917       568.89
       26.11     0.998340     36243810       602.35
       26.62     0.998437     36246774       640.00
       27.39     0.998535     36250690       682.67
       28.03     0.998633     36253782       731.43
       28.80     0.998730     36257352       787.69
       29.70     0.998828     36261222       853.33
       30.59     0.998926     36264833       930.91
       31.49     0.999023     36268142      1024.00
       32.00     0.999072     36269858      1077.89
       32.64     0.999121     36271824      1137.78
       33.28     0.999170     36273593      1204.71
       34.05     0.999219     36275639      1280.00
       34.56     0.999268     36276873      1365.33
       35.33     0.999316     36278716      1462.86
       36.09     0.999365     36280558      1575.38
       37.12     0.999414     36282586      1706.67
       38.14     0.999463     36284312      1861.82
       39.17     0.999512     36286020      2048.00
       39.68     0.999536     36286757      2155.79
       40.45     0.999561     36287827      2275.56
       40.96     0.999585     36288553      2409.41
       41.73     0.999609     36289503      2560.00
       42.24     0.999634     36290107      2730.67
       43.01     0.999658     36291004      2925.71
       44.03     0.999683     36292137      3150.77
       44.80     0.999707     36292772      3413.33
       46.08     0.999731     36293788      3723.64
       47.10     0.999756     36294531      4096.00
       47.87     0.999768     36295012      4311.58
       48.64     0.999780     36295429      4551.11
       49.66     0.999792     36295971      4818.82
       50.43     0.999805     36296391      5120.00
       51.20     0.999817     36296845      5461.33
       51.71     0.999829     36297224      5851.43
       52.73     0.999841     36297725      6301.54
       53.76     0.999854     36298135      6826.67
       54.78     0.999866     36298566      7447.27
       56.06     0.999878     36299002      8192.00
       56.83     0.999884     36299277      8623.16
       57.34     0.999890     36299488      9102.22
       57.85     0.999896     36299637      9637.65
       58.88     0.999902     36299911     10240.00
       59.65     0.999908     36300085     10922.67
       60.67     0.999915     36300297     11702.86
       61.95     0.999921     36300521     12603.08
       63.49     0.999927     36300770     13653.33
       64.77     0.999933     36300966     14894.55
       67.07     0.999939     36301233     16384.00
       68.09     0.999942     36301335     17246.32
       69.12     0.999945     36301412     18204.44
       70.14     0.999948     36301521     19275.29
       72.19     0.999951     36301633     20480.00
       74.24     0.999954     36301749     21845.33
       76.80     0.999957     36301851     23405.71
       78.85     0.999960     36301955     25206.15
       81.92     0.999963     36302074     27306.67
       84.48     0.999966     36302183     29789.09
       87.55     0.999969     36302287     32768.00
       89.09     0.999971     36302354     34492.63
       91.65     0.999973     36302397     36408.89
       97.28     0.999974     36302452     38550.59
       99.84     0.999976     36302512     40960.00
      101.89     0.999977     36302569     43690.67
      102.91     0.999979     36302621     46811.43
      104.45     0.999980     36302673     50412.31
      107.52     0.999982     36302738     54613.33
      110.59     0.999983     36302784     59578.18
      116.73     0.999985     36302850     65536.00
      117.76     0.999986     36302871     68985.26
      119.30     0.999986     36302897     72817.78
      121.34     0.999987     36302927     77101.18
      123.39     0.999988     36302949     81920.00
      129.53     0.999989     36302980     87381.33
      132.09     0.999989     36303014     93622.86
      135.17     0.999990     36303043    100824.62
      137.22     0.999991     36303079    109226.67
      138.24     0.999992     36303095    119156.36
      140.29     0.999992     36303122    131072.00
      141.31     0.999993     36303130    137970.53
      145.41     0.999993     36303145    145635.56
      149.50     0.999994     36303164    154202.35
      150.53     0.999994     36303172    163840.00
      152.57     0.999994     36303187    174762.67
      155.65     0.999995     36303204    187245.71
      156.67     0.999995     36303212    201649.23
      158.72     0.999995     36303234    218453.33
      159.74     0.999996     36303243    238312.73
      162.81     0.999996     36303257    262144.00
      163.84     0.999996     36303263    275941.05
      165.89     0.999997     36303272    291271.11
      166.91     0.999997     36303278    308404.71
      167.94     0.999997     36303285    327680.00
      168.96     0.999997     36303295    349525.33
      169.98     0.999997     36303306    374491.43
      169.98     0.999998     36303306    403298.46
      171.01     0.999998     36303312    436906.67
      173.06     0.999998     36303316    476625.45
      180.22     0.999998     36303323    524288.00
      181.25     0.999998     36303329    551882.11
      182.27     0.999998     36303336    582542.22
      182.27     0.999998     36303336    616809.41
      183.29     0.999998     36303340    655360.00
      184.32     0.999999     36303341    699050.67
      193.53     0.999999     36303345    748982.86
      197.63     0.999999     36303348    806596.92
      200.70     0.999999     36303354    873813.33
      200.70     0.999999     36303354    953250.91
      202.75     0.999999     36303358   1048576.00
      216.06     0.999999     36303361   1103764.21
      216.06     0.999999     36303361   1165084.44
      217.09     0.999999     36303365   1233618.82
      217.09     0.999999     36303365   1310720.00
      218.11     0.999999     36303371   1398101.33
      218.11     0.999999     36303371   1497965.71
      218.11     0.999999     36303371   1613193.85
      219.13     0.999999     36303377   1747626.67
      219.13     0.999999     36303377   1906501.82
      219.13     1.000000     36303377   2097152.00
      219.13     1.000000     36303377   2207528.42
      219.13     1.000000     36303377   2330168.89
      220.16     1.000000     36303381   2467237.65
      220.16     1.000000     36303381   2621440.00
      220.16     1.000000     36303381   2796202.67
      220.16     1.000000     36303381   2995931.43
      220.16     1.000000     36303381   3226387.69
      221.18     1.000000     36303384   3495253.33
      221.18     1.000000     36303384   3813003.64
      221.18     1.000000     36303384   4194304.00
      221.18     1.000000     36303384   4415056.84
      222.21     1.000000     36303386   4660337.78
      222.21     1.000000     36303386   4934475.29
      222.21     1.000000     36303386   5242880.00
      222.21     1.000000     36303386   5592405.33
      222.21     1.000000     36303386   5991862.86
      237.57     1.000000     36303389   6452775.39
      237.57     1.000000     36303389   6990506.67
      237.57     1.000000     36303389   7626007.28
      237.57     1.000000     36303389   8388608.00
      237.57     1.000000     36303389   8830113.68
      237.57     1.000000     36303389   9320675.55
      237.57     1.000000     36303389   9868950.59
      237.57     1.000000     36303389  10485760.00
      237.57     1.000000     36303389  11184810.67
      237.57     1.000000     36303389  11983725.71
      238.59     1.000000     36303391  12905550.76
      238.59     1.000000     36303391  13981013.34
      238.59     1.000000     36303391  15252014.55
      238.59     1.000000     36303391  16777216.00
      238.59     1.000000     36303391  17660227.38
      238.59     1.000000     36303391  18641351.10
      238.59     1.000000     36303391  19737901.19
      238.59     1.000000     36303391  20971519.98
      238.59     1.000000     36303391  22369621.33
      238.59     1.000000     36303391  23967451.45
      238.59     1.000000     36303391  25811101.52
      238.59     1.000000     36303391  27962026.68
      238.59     1.000000     36303391  30504029.05
      238.59     1.000000     36303391  33554432.00
      238.59     1.000000     36303391  35320454.76
      242.69     1.000000     36303392  37282702.28
      242.69     1.000000     36303392          inf
#[Mean    =        3.302, StdDeviation   =        3.118]
#[Max     =      242.687, Total count    =     36303392]
#[Buckets =           10, SubBuckets     =          256]
