       Value   Percentile   TotalCount 1/(1-Percentile)

        0.12     0.000000            1         1.00
        0.69     0.050000       165252         1.05
        0.81     0.100000       334730         1.11
        1.01     0.150000       495149         1.18
        1.26     0.200000       666205         1.25
        1.45     0.250000       831844         1.33
        1.60     0.300000       994927         1.43
        1.77     0.350000      1161345         1.54
        1.98     0.400000      1321351         1.67
        2.21     0.450000      1495648         1.82
        2.43     0.500000      1658876         2.00
        2.56     0.525000      1742217         2.11
        2.69     0.550000      1816569         2.22
        2.85     0.575000      1900228         2.35
        3.02     0.600000      1988169         2.50
        3.18     0.625000      2065431         2.67
        3.38     0.650000      2151078         2.86
        3.58     0.675000      2232648         3.08
        3.79     0.700000      2312427         3.33
        4.00     0.725000      2394051         3.64
        4.22     0.750000      2475596         4.00
        4.38     0.762500      2523957         4.21
        4.51     0.775000      2558235         4.44
        4.67     0.787500      2599110         4.71
        4.86     0.800000      2645712         5.00
        5.05     0.812500      2688475         5.33
        5.25     0.825000      2728751         5.71
        5.44     0.837500      2766924         6.15
        5.66     0.850000      2807960         6.67
        5.92     0.862500      2851165         7.27
        6.17     0.875000      2891473         8.00
        6.30     0.881250      2910684         8.42
        6.43     0.887500      2929245         8.89
        6.59     0.893750      2950990         9.41
        6.75     0.900000      2971414        10.00
        6.94     0.906250      2994100        10.67
        7.10     0.912500      3012665        11.43
        7.29     0.918750      3032865        12.31
        7.52     0.925000      3053801        13.33
        7.78     0.931250      3076137        14.55
        8.00     0.937500      3097094        16.00
        8.10     0.940625      3106170        16.84
        8.26     0.943750      3119845        17.78
        8.38     0.946875      3129471        18.82
        8.51     0.950000      3137379        20.00
        8.70     0.953125      3149134        21.33
        8.83     0.956250      3156364        22.86
        9.02     0.959375      3166547        24.62
        9.28     0.962500      3178858        26.67
        9.47     0.965625      3187285        29.09
        9.79     0.968750      3199020        32.00
        9.92     0.970313      3203026        33.68
       10.11     0.971875      3208955        35.56
       10.24     0.973437      3212828        37.65
       10.43     0.975000      3218079        40.00
       10.69     0.976562      3224178        42.67
       10.88     0.978125      3228425        45.71
       11.13     0.979688      3233495        49.23
       11.46     0.981250      3239150        53.33
       11.78     0.982812      3244092        58.18
       12.10     0.984375      3249536        64.00
       12.22     0.985156      3251522        67.37
       12.48     0.985938      3254677        71.11
       12.67     0.986719      3256865        75.29
       12.93     0.987500      3259517        80.00
       13.18     0.988281      3262010        85.33
       13.50     0.989062      3264818        91.43
       13.76     0.989844      3266970        98.46
       14.14     0.990625      3269725       106.67
       14.53     0.991406      3272117       116.36
       15.04     0.992188      3274797       128.00
       15.29     0.992578      3275977       134.74
       15.62     0.992969      3277246       142.22
       15.94     0.993359      3278553       150.59
       16.25     0.993750      3279807       160.00
       16.64     0.994141      3281221       170.67
       17.02     0.994531      3282463       182.86
       17.54     0.994922      3283920       196.92
       18.05     0.995313      3285105       213.33
       18.56     0.995703      3286234       232.73
       19.20     0.996094      3287566       256.00
       19.58     0.996289      3288297       269.47
       19.97     0.996484      3288920       284.44
       20.35     0.996680      3289510       301.18
       20.73     0.996875      3290098       320.00
       21.38     0.997070      3290853       341.33
       21.89     0.997266      3291498       365.71
       22.53     0.997461      3292086       393.85
       23.30     0.997656      3292690       426.67
       24.19     0.997852      3293338       465.45
       25.21     0.998047      3293961       512.00
       25.73     0.998145      3294312       538.95
       26.37     0.998242      3294635       568.89
       27.01     0.998340      3294960       602.35
       27.65     0.998437      3295270       640.00
       28.41     0.998535      3295602       682.67
       29.05     0.998633      3295936       731.43
       29.82     0.998730      3296220       787.69
       30.85     0.998828      3296572       853.33
       31.74     0.998926      3296861       930.91
       32.77     0.999023      3297178      1024.00
       33.53     0.999072      3297369      1077.89
       34.05     0.999121      3297504      1137.78
       34.81     0.999170      3297696      1204.71
       35.58     0.999219      3297874      1280.00
       36.35     0.999268      3298027      1365.33
       37.12     0.999316      3298182      1462.86
       37.89     0.999365      3298325      1575.38
       38.91     0.999414      3298478      1706.67
       40.19     0.999463      3298640      1861.82
       41.47     0.999512      3298803      2048.00
       42.24     0.999536      3298887      2155.79
       42.75     0.999561      3298954      2275.56
       43.52     0.999585      3299038      2409.41
       44.54     0.999609      3299130      2560.00
       45.57     0.999634      3299204      2730.67
       46.59     0.999658      3299282      2925.71
       47.62     0.999683      3299355      3150.77
       49.41     0.999707      3299440      3413.33
       50.94     0.999731      3299520      3723.64
       52.73     0.999756      3299603      4096.00
       53.50     0.999768      3299636      4311.58
       54.78     0.999780      3299681      4551.11
       56.06     0.999792      3299722      4818.82
       57.34     0.999805      3299761      5120.00
       59.39     0.999817      3299801      5461.33
       61.95     0.999829      3299839      5851.43
       65.53     0.999841      3299880      6301.54
       70.14     0.999854      3299921      6826.67
       80.38     0.999866      3299958      7447.27
       87.55     0.999878      3300004      8192.00
       88.06     0.999884      3300029      8623.16
       90.11     0.999890      3300040      9102.22
       99.84     0.999896      3300085      9637.65
       99.84     0.999902      3300085     10240.00
      100.35     0.999908      3300112     10922.67
      101.89     0.999915      3300120     11702.86
      102.91     0.999921      3300161     12603.08
      102.91     0.999927      3300161     13653.33
      103.94     0.999933      3300182     14894.55
      104.45     0.999939      3300203     16384.00
      104.96     0.999942      3300218     17246.32
      107.52     0.999945      3300220     18204.44
      111.61     0.999948      3300231     19275.29
      116.73     0.999951      3300243     20480.00
      119.81     0.999954      3300252     21845.33
      121.86     0.999957      3300261     23405.71
      125.95     0.999960      3300272     25206.15
      128.51     0.999963      3300282     27306.67
      130.56     0.999966      3300293     29789.09
      133.12     0.999969      3300301     32768.00
      135.17     0.999971      3300308     34492.63
      136.19     0.999973      3300312     36408.89
      137.22     0.999974      3300317     38550.59
      139.26     0.999976      3300322     40960.00
      142.34     0.999977      3300330     43690.67
      143.36     0.999979      3300333     46811.43
      156.67     0.999980      3300338     50412.31
      165.89     0.999982      3300343     54613.33
      166.91     0.999983      3300348     59578.18
      169.98     0.999985      3300356     65536.00
      169.98     0.999986      3300356     68985.26
      169.98     0.999986      3300356     72817.78
      171.01     0.999987      3300359     77101.18
      181.25     0.999988      3300361     81920.00
      182.27     0.999989      3300364     87381.33
      192.51     0.999989      3300366     93622.86
      193.53     0.999990      3300369    100824.62
      197.63     0.999991      3300371    109226.67
      216.06     0.999992      3300376    119156.36
      216.06     0.999992      3300376    131072.00
      217.09     0.999993      3300380    137970.53
      217.09     0.999993      3300380    145635.56
      217.09     0.999994      3300380    154202.35
      218.11     0.999994      3300386    163840.00
      218.11     0.999994      3300386    174762.67
      218.11     0.999995      3300386    187245.71
      218.11     0.999995      3300386    201649.23
      218.11     0.999995      3300386    218453.33
      219.13     0.999996      3300392    238312.73
      219.13     0.999996      3300392    262144.00
      219.13     0.999996      3300392    275941.05
      219.13     0.999997      3300392    291271.11
      219.13     0.999997      3300392    308404.71
      219.13     0.999997      3300392    327680.00
      219.13     0.999997      3300392    349525.33
      220.16     0.999997      3300396    374491.43
      220.16     0.999998      3300396    403298.46
      220.16     0.999998      3300396    436906.67
      220.16     0.999998      3300396    476625.45
      220.16     0.999998      3300396    524288.00
      220.16     0.999998      3300396    551882.11
      220.16     0.999998      3300396    582542.22
      220.16     0.999998      3300396    616809.41
      220.16     0.999998      3300396    655360.00
      221.18     0.999999      3300399    699050.67
      221.18     0.999999      3300399    748982.86
      221.18     0.999999      3300399    806596.92
      221.18     0.999999      3300399    873813.33
      221.18     0.999999      3300399    953250.91
      221.18     0.999999      3300399   1048576.00
      221.18     0.999999      3300399   1103764.21
      221.18     0.999999      3300399   1165084.44
      221.18     0.999999      3300399   1233618.82
      221.18     0.999999      3300399   1310720.00
      221.18     0.999999      3300399   1398101.33
      221.18     0.999999      3300399   1497965.71
      221.18     0.999999      3300399   1613193.85
      222.21     0.999999      3300401   1747626.67
      222.21     1.000000      3300401          inf
#[Mean    =        3.315, StdDeviation   =        3.342]
#[Max     =      222.207, Total count    =      3300401]
#[Buckets =           10, SubBuckets     =          256]
