       Value   Percentile   TotalCount 1/(1-Percentile)

        0.17     0.000000            1         1.00
        3.49     0.050000        36662         1.05
        5.31     0.100000        73172         1.11
        6.94     0.150000       110334         1.18
        7.84     0.200000       145812         1.25
        8.45     0.250000       186025         1.33
        8.77     0.300000       218705         1.43
        9.02     0.350000       268151         1.54
        9.15     0.400000       303961         1.67
        9.34     0.450000       329289         1.82
        9.98     0.500000       365717         2.00
       10.56     0.525000       383090         2.11
       11.33     0.550000       401418         2.22
       12.22     0.575000       419464         2.35
       13.05     0.600000       437778         2.50
       13.82     0.625000       455790         2.67
       14.85     0.650000       474698         2.86
       15.81     0.675000       492827         3.08
       16.51     0.700000       512018         3.33
       17.02     0.725000       530524         3.64
       17.41     0.750000       546996         4.00
       17.92     0.762500       557128         4.21
       18.43     0.775000       565394         4.44
       19.07     0.787500       574204         4.71
       19.71     0.800000       583697         5.00
       20.35     0.812500       594575         5.33
       20.73     0.825000       602802         5.71
       21.12     0.837500       611552         6.15
       21.50     0.850000       621849         6.67
       22.02     0.862500       629659         7.27
       22.91     0.875000       638427         8.00
       23.55     0.881250       642791         8.42
       24.19     0.887500       647425         8.89
       24.83     0.893750       651953         9.41
       25.34     0.900000       656935        10.00
       25.86     0.906250       660665        10.67
       26.75     0.912500       665813        11.43
       27.65     0.918750       669981        12.31
       28.67     0.925000       674746        13.33
       29.44     0.931250       679432        14.55
       30.34     0.937500       683858        16.00
       30.85     0.940625       685932        16.84
       31.49     0.943750       688251        17.78
       32.13     0.946875       690576        18.82
       32.77     0.950000       692565        20.00
       33.53     0.953125       695226        21.33
       34.30     0.956250       697285        22.86
       35.58     0.959375       699660        24.62
       36.86     0.962500       701861        26.67
       38.14     0.965625       704123        29.09
       39.68     0.968750       706225        32.00
       40.70     0.970313       707409        33.68
       41.73     0.971875       708566        35.56
       42.75     0.973437       709677        37.65
       44.29     0.975000       710832        40.00
       46.34     0.976562       712005        42.67
       48.64     0.978125       713109        45.71
       50.94     0.979688       714254        49.23
       54.02     0.981250       715345        53.33
       58.11     0.982812       716480        58.18
       62.98     0.984375       717667        64.00
       65.28     0.985156       718191        67.37
       68.09     0.985938       718803        71.11
       71.68     0.986719       719386        75.29
       75.78     0.987500       719962        80.00
       79.87     0.988281       720531        85.33
       83.97     0.989062       721039        91.43
       89.09     0.989844       721617        98.46
       94.21     0.990625       722202       106.67
       99.33     0.991406       722764       116.36
      105.47     0.992188       723359       128.00
      108.03     0.992578       723607       134.74
      111.10     0.992969       723902       142.22
      114.17     0.993359       724201       150.59
      116.73     0.993750       724477       160.00
      119.81     0.994141       724770       170.67
      122.88     0.994531       725029       182.86
      126.46     0.994922       725335       196.92
      130.05     0.995313       725605       213.33
      134.14     0.995703       725917       232.73
      138.24     0.996094       726169       256.00
      141.31     0.996289       726350       269.47
      143.36     0.996484       726446       284.44
      146.43     0.996680       726591       301.18
      149.50     0.996875       726730       320.00
      153.60     0.997070       726895       341.33
      156.67     0.997266       727019       365.71
      160.77     0.997461       727176       393.85
      165.89     0.997656       727323       426.67
      169.98     0.997852       727441       465.45
      176.13     0.998047       727579       512.00
      180.22     0.998145       727676       538.95
      182.27     0.998242       727733       568.89
      185.34     0.998340       727796       602.35
      188.41     0.998437       727863       640.00
      192.51     0.998535       727942       682.67
      195.58     0.998633       728012       731.43
      198.66     0.998730       728078       787.69
      202.75     0.998828       728152       853.33
      207.87     0.998926       728239       930.91
      211.97     0.999023       728312      1024.00
      212.99     0.999072       728329      1077.89
      215.04     0.999121       728378      1137.78
      216.06     0.999170       728398      1204.71
      219.13     0.999219       728447      1280.00
      221.18     0.999268       728481      1365.33
      223.23     0.999316       728505      1462.86
      226.30     0.999365       728543      1575.38
      229.38     0.999414       728576      1706.67
      232.45     0.999463       728615      1861.82
      235.52     0.999512       728651      2048.00
      237.57     0.999536       728671      2155.79
      239.62     0.999561       728685      2275.56
      241.66     0.999585       728704      2409.41
      243.71     0.999609       728726      2560.00
      244.74     0.999634       728738      2730.67
      245.76     0.999658       728754      2925.71
      247.81     0.999683       728773      3150.77
      251.90     0.999707       728792      3413.33
      253.95     0.999731       728807      3723.64
      258.05     0.999756       728827      4096.00
      259.07     0.999768       728836      4311.58
      260.10     0.999780       728847      4551.11
      261.12     0.999792       728856      4818.82
      262.14     0.999805       728862      5120.00
      264.19     0.999817       728876      5461.33
      266.24     0.999829       728887      5851.43
      266.24     0.999841       728887      6301.54
      268.29     0.999854       728897      6826.67
      272.38     0.999866       728909      7447.27
      274.43     0.999878       728917      8192.00
      276.48     0.999884       728921      8623.16
      278.53     0.999890       728925      9102.22
      280.57     0.999896       728929      9637.65
      282.62     0.999902       728934     10240.00
      286.72     0.999908       728943     10922.67
      286.72     0.999915       728943     11702.86
      288.77     0.999921       728946     12603.08
      290.81     0.999927       728956     13653.33
      290.81     0.999933       728956     14894.55
      294.91     0.999939       728958     16384.00
      296.96     0.999942       728960     17246.32
      299.01     0.999945       728962     18204.44
      301.06     0.999948       728965     19275.29
      305.15     0.999951       728968     20480.00
      307.20     0.999954       728971     21845.33
      307.20     0.999957       728971     23405.71
      309.25     0.999960       728974     25206.15
      311.30     0.999963       728976     27306.67
      313.34     0.999966       728981     29789.09
      313.34     0.999969       728981     32768.00
      313.34     0.999971       728981     34492.63
      315.39     0.999973       728982     36408.89
      321.54     0.999974       728985     38550.59
      321.54     0.999976       728985     40960.00
      323.58     0.999977       728986     43690.67
      335.87     0.999979       728988     46811.43
      335.87     0.999980       728988     50412.31
      339.97     0.999982       728990     54613.33
      339.97     0.999983       728990     59578.18
      346.11     0.999985       728992     65536.00
      346.11     0.999986       728992     68985.26
      346.11     0.999986       728992     72817.78
      348.16     0.999987       728994     77101.18
      348.16     0.999988       728994     81920.00
      348.16     0.999989       728994     87381.33
      350.21     0.999989       728995     93622.86
      350.21     0.999990       728995    100824.62
      352.25     0.999991       728996    109226.67
      352.25     0.999992       728996    119156.36
      354.30     0.999992       728997    131072.00
      354.30     0.999993       728997    137970.53
      354.30     0.999993       728997    145635.56
      356.35     0.999994       728998    154202.35
      356.35     0.999994       728998    163840.00
      356.35     0.999994       728998    174762.67
      358.40     0.999995       729000    187245.71
      358.40     0.999995       729000    201649.23
      358.40     0.999995       729000    218453.33
      358.40     0.999996       729000    238312.73
      358.40     0.999996       729000    262144.00
      358.40     0.999996       729000    275941.05
      358.40     0.999997       729000    291271.11
      358.40     0.999997       729000    308404.71
      358.40     0.999997       729000    327680.00
      358.40     0.999997       729000    349525.33
      360.45     0.999997       729001    374491.43
      360.45     0.999998       729001    403298.46
      360.45     0.999998       729001    436906.67
      360.45     0.999998       729001    476625.45
      360.45     0.999998       729001    524288.00
      360.45     0.999998       729001    551882.11
      360.45     0.999998       729001    582542.22
      360.45     0.999998       729001    616809.41
      360.45     0.999998       729001    655360.00
      360.45     0.999999       729001    699050.67
      380.93     0.999999       729002    748982.86
      380.93     1.000000       729002          inf
#[Mean    =       14.929, StdDeviation   =       16.517]
#[Max     =      380.927, Total count    =       729002]
#[Buckets =           10, SubBuckets     =          256]
