       Value   Percentile   TotalCount 1/(1-Percentile)

        0.16     0.000000            2         1.00
        3.49     0.050000       364697         1.05
        5.31     0.100000       729308         1.11
        6.94     0.150000      1098781         1.18
        7.87     0.200000      1462961         1.25
        8.45     0.250000      1859181         1.33
        8.83     0.300000      2247458         1.43
        9.02     0.350000      2688094         1.54
        9.15     0.400000      3045006         1.67
        9.34     0.450000      3294410         1.82
        9.98     0.500000      3657226         2.00
       10.56     0.525000      3830680         2.11
       11.33     0.550000      4014515         2.22
       12.22     0.575000      4197104         2.35
       13.05     0.600000      4376469         2.50
       13.89     0.625000      4565122         2.67
       14.85     0.650000      4742363         2.86
       15.81     0.675000      4926061         3.08
       16.51     0.700000      5119581         3.33
       17.02     0.725000      5305843         3.64
       17.41     0.750000      5468675         4.00
       17.92     0.762500      5570613         4.21
       18.43     0.775000      5653487         4.44
       19.07     0.787500      5741583         4.71
       19.71     0.800000      5834500         5.00
       20.35     0.812500      5941813         5.33
       20.73     0.825000      6026151         5.71
       21.12     0.837500      6114202         6.15
       21.50     0.850000      6218707         6.67
       22.02     0.862500      6297459         7.27
       22.91     0.875000      6385271         8.00
       23.55     0.881250      6429859         8.42
       24.19     0.887500      6475866         8.89
       24.83     0.893750      6520783         9.41
       25.34     0.900000      6571439        10.00
       25.86     0.906250      6608027        10.67
       26.62     0.912500      6653540        11.43
       27.65     0.918750      6701228        12.31
       28.54     0.925000      6742494        13.33
       29.31     0.931250      6787989        14.55
       30.21     0.937500      6834437        16.00
       30.85     0.940625      6860161        16.84
       31.49     0.943750      6883591        17.78
       32.00     0.946875      6902511        18.82
       32.77     0.950000      6927160        20.00
       33.53     0.953125      6953800        21.33
       34.30     0.956250      6974193        22.86
       35.33     0.959375      6994078        24.62
       36.61     0.962500      7015770        26.67
       38.14     0.965625      7041619        29.09
       39.68     0.968750      7062402        32.00
       40.70     0.970313      7074195        33.68
       41.73     0.971875      7086020        35.56
       42.75     0.973437      7096684        37.65
       44.29     0.975000      7107989        40.00
       46.08     0.976562      7118681        42.67
       48.64     0.978125      7130548        45.71
       51.20     0.979688      7141817        49.23
       54.27     0.981250      7152598        53.33
       58.37     0.982812      7164224        58.18
       62.98     0.984375      7175230        64.00
       66.05     0.985156      7181906        67.37
       68.61     0.985938      7186859        71.11
       72.19     0.986719      7192322        75.29
       76.29     0.987500      7197968        80.00
       80.38     0.988281      7203716        85.33
       85.50     0.989062      7209861        91.43
       90.62     0.989844      7215657        98.46
       95.23     0.990625      7221058       106.67
      100.86     0.991406      7226811       116.36
      106.50     0.992188      7232435       128.00
      109.06     0.992578      7235118       134.74
      112.13     0.992969      7238172       142.22
      114.69     0.993359      7240806       150.59
      117.76     0.993750      7243801       160.00
      120.83     0.994141      7246632       170.67
      123.90     0.994531      7249370       182.86
      127.49     0.994922      7252213       196.92
      131.07     0.995313      7254995       213.33
      135.17     0.995703      7257914       232.73
      140.29     0.996094      7260936       256.00
      142.34     0.996289      7262106       269.47
      145.41     0.996484      7263780       284.44
      148.48     0.996680      7265153       301.18
      151.55     0.996875      7266465       320.00
      155.65     0.997070      7268046       341.33
      159.74     0.997266      7269468       365.71
      163.84     0.997461      7270630       393.85
      168.96     0.997656      7272179       426.67
      173.06     0.997852      7273432       465.45
      179.20     0.998047      7274999       512.00
      182.27     0.998145      7275784       538.95
      184.32     0.998242      7276304       568.89
      187.39     0.998340      7277034       602.35
      190.46     0.998437      7277752       640.00
      193.53     0.998535      7278429       682.67
      197.63     0.998633      7279260       731.43
      200.70     0.998730      7279942       787.69
      203.78     0.998828      7280635       853.33
      207.87     0.998926      7281417       930.91
      210.94     0.999023      7282009      1024.00
      212.99     0.999072      7282391      1077.89
      215.04     0.999121      7282737      1137.78
      217.09     0.999170      7283073      1204.71
      220.16     0.999219      7283534      1280.00
      222.21     0.999268      7283804      1365.33
      225.28     0.999316      7284214      1462.86
      227.33     0.999365      7284472      1575.38
      230.40     0.999414      7284916      1706.67
      232.45     0.999463      7285239      1861.82
      235.52     0.999512      7285579      2048.00
      237.57     0.999536      7285789      2155.79
      238.59     0.999561      7285878      2275.56
      240.64     0.999585      7286078      2409.41
      242.69     0.999609      7286273      2560.00
      244.74     0.999634      7286495      2730.67
      245.76     0.999658      7286594      2925.71
      248.83     0.999683      7286827      3150.77
      250.88     0.999707      7286943      3413.33
      254.97     0.999731      7287179      3723.64
      258.05     0.999756      7287348      4096.00
      259.07     0.999768      7287411      4311.58
      260.10     0.999780      7287477      4551.11
      262.14     0.999792      7287606      4818.82
      264.19     0.999805      7287693      5120.00
      266.24     0.999817      7287800      5461.33
      268.29     0.999829      7287888      5851.43
      270.33     0.999841      7287947      6301.54
      274.43     0.999854      7288068      6826.67
      276.48     0.999866      7288114      7447.27
      280.57     0.999878      7288219      8192.00
      282.62     0.999884      7288265      8623.16
      284.67     0.999890      7288309      9102.22
      286.72     0.999896      7288358      9637.65
      288.77     0.999902      7288401     10240.00
      290.81     0.999908      7288452     10922.67
      292.86     0.999915      7288483     11702.86
      294.91     0.999921      7288504     12603.08
      301.06     0.999927      7288556     13653.33
      303.10     0.999933      7288594     14894.55
      305.15     0.999939      7288643     16384.00
      307.20     0.999942      7288694     17246.32
      307.20     0.999945      7288694     18204.44
      309.25     0.999948      7288733     19275.29
      309.25     0.999951      7288733     20480.00
      311.30     0.999954      7288746     21845.33
      315.39     0.999957      7288793     23405.71
      315.39     0.999960      7288793     25206.15
      317.44     0.999963      7288823     27306.67
      319.49     0.999966      7288850     29789.09
      321.54     0.999969      7288875     32768.00
      321.54     0.999971      7288875     34492.63
      323.58     0.999973      7288896     36408.89
      323.58     0.999974      7288896     38550.59
      325.63     0.999976      7288911     40960.00
      327.68     0.999977      7288917     43690.67
      331.77     0.999979      7288932     46811.43
      333.82     0.999980      7288937     50412.31
      335.87     0.999982      7288953     54613.33
      337.92     0.999983      7288966     59578.18
      339.97     0.999985      7288973     65536.00
      339.97     0.999986      7288973     68985.26
      342.01     0.999986      7288984     72817.78
      342.01     0.999987      7288984     77101.18
      344.06     0.999988      7288993     81920.00
      346.11     0.999989      7289003     87381.33
      346.11     0.999989      7289003     93622.86
      348.16     0.999990      7289022    100824.62
      348.16     0.999991      7289022    109226.67
      348.16     0.999992      7289022    119156.36
      350.21     0.999992      7289043    131072.00
      350.21     0.999993      7289043    137970.53
      350.21     0.999993      7289043    145635.56
      350.21     0.999994      7289043    154202.35
      350.21     0.999994      7289043    163840.00
      350.21     0.999994      7289043    174762.67
      350.21     0.999995      7289043    187245.71
      350.21     0.999995      7289043    201649.23
      352.25     0.999995      7289050    218453.33
      352.25     0.999996      7289050    238312.73
      354.30     0.999996      7289054    262144.00
      354.30     0.999996      7289054    275941.05
      354.30     0.999997      7289054    291271.11
      356.35     0.999997      7289059    308404.71
      356.35     0.999997      7289059    327680.00
      356.35     0.999997      7289059    349525.33
      356.35     0.999997      7289059    374491.43
      358.40     0.999998      7289060    403298.46
      360.45     0.999998      7289062    436906.67
      362.50     0.999998      7289063    476625.45
      366.59     0.999998      7289066    524288.00
      366.59     0.999998      7289066    551882.11
      366.59     0.999998      7289066    582542.22
      372.74     0.999998      7289069    616809.41
      372.74     0.999998      7289069    655360.00
      372.74     0.999999      7289069    699050.67
      372.74     0.999999      7289069    748982.86
      372.74     0.999999      7289069    806596.92
      376.83     0.999999      7289072    873813.33
      376.83     0.999999      7289072    953250.91
      376.83     0.999999      7289072   1048576.00
      376.83     0.999999      7289072   1103764.21
      376.83     0.999999      7289072   1165084.44
      378.88     0.999999      7289073   1233618.82
      378.88     0.999999      7289073   1310720.00
      378.88     0.999999      7289073   1398101.33
      382.98     0.999999      7289075   1497965.71
      382.98     0.999999      7289075   1613193.85
      382.98     0.999999      7289075   1747626.67
      382.98     0.999999      7289075   1906501.82
      382.98     1.000000      7289075   2097152.00
      382.98     1.000000      7289075   2207528.42
      382.98     1.000000      7289075   2330168.89
      399.36     1.000000      7289078   2467237.65
      399.36     1.000000      7289078          inf
#[Mean    =       14.947, StdDeviation   =       16.645]
#[Max     =      399.359, Total count    =      7289078]
#[Buckets =           10, SubBuckets     =          256]
