       Value   Percentile   TotalCount 1/(1-Percentile)

        0.15     0.000000            6         1.00
        3.50     0.050000       400013         1.05
        5.54     0.100000       804897         1.11
        7.07     0.150000      1196485         1.18
        7.78     0.200000      1597461         1.25
        8.32     0.250000      2013540         1.33
        8.51     0.300000      2430876         1.43
        8.83     0.350000      2852371         1.54
        9.02     0.400000      3250410         1.67
        9.28     0.450000      3664085         1.82
        9.73     0.500000      4000586         2.00
       10.11     0.525000      4211821         2.11
       10.62     0.550000      4392683         2.22
       11.65     0.575000      4586533         2.35
       12.54     0.600000      4792134         2.50
       13.44     0.625000      4987803         2.67
       14.46     0.650000      5192826         2.86
       15.49     0.675000      5385081         3.08
       16.38     0.700000      5597575         3.33
       16.89     0.725000      5783732         3.64
       17.66     0.750000      5993472         4.00
       18.05     0.762500      6087021         4.21
       18.69     0.775000      6191354         4.44
       19.33     0.787500      6285661         4.71
       19.97     0.800000      6382989         5.00
       20.48     0.812500      6495867         5.33
       20.86     0.825000      6592579         5.71
       21.25     0.837500      6689625         6.15
       21.89     0.850000      6797846         6.67
       22.53     0.862500      6884666         7.27
       23.68     0.875000      6983719         8.00
       24.19     0.881250      7027050         8.42
       24.83     0.887500      7082809         8.89
       25.34     0.893750      7129531         9.41
       25.98     0.900000      7177904        10.00
       26.75     0.906250      7228577        10.67
       27.65     0.912500      7279200        11.43
       28.41     0.918750      7327971        12.31
       29.05     0.925000      7373756        13.33
       29.95     0.931250      7428811        14.55
       30.85     0.937500      7478016        16.00
       31.23     0.940625      7497632        16.84
       31.87     0.943750      7523151        17.78
       32.51     0.946875      7551409        18.82
       33.02     0.950000      7572853        20.00
       33.79     0.953125      7602298        21.33
       34.81     0.956250      7628557        22.86
       35.84     0.959375      7646969        24.62
       37.38     0.962500      7677671        26.67
       38.66     0.965625      7699397        29.09
       40.45     0.968750      7723105        32.00
       41.47     0.970313      7735882        33.68
       42.49     0.971875      7746633        35.56
       44.29     0.973437      7760538        37.65
       45.82     0.975000      7771437        40.00
       47.87     0.976562      7784104        42.67
       50.17     0.978125      7797025        45.71
       52.99     0.979688      7809584        49.23
       56.58     0.981250      7821824        53.33
       60.16     0.982812      7833652        58.18
       65.28     0.984375      7846327        64.00
       68.61     0.985156      7852979        67.37
       72.19     0.985938      7858740        71.11
       76.29     0.986719      7864873        75.29
       80.89     0.987500      7871436        80.00
       85.50     0.988281      7877758        85.33
       90.11     0.989062      7883458        91.43
       95.23     0.989844      7889720        98.46
      100.86     0.990625      7896398       106.67
      106.50     0.991406      7902521       116.36
      112.13     0.992188      7908551       128.00
      115.20     0.992578      7911897       134.74
      117.76     0.992969      7914768       142.22
      120.83     0.993359      7918119       150.59
      123.90     0.993750      7921017       160.00
      127.49     0.994141      7924227       170.67
      131.07     0.994531      7927217       182.86
      135.17     0.994922      7930199       196.92
      140.29     0.995313      7933791       213.33
      144.38     0.995703      7936448       232.73
      150.53     0.996094      7939893       256.00
      152.57     0.996289      7941140       269.47
      155.65     0.996484      7942652       284.44
      159.74     0.996680      7944645       301.18
      162.81     0.996875      7946043       320.00
      165.89     0.997070      7947340       341.33
      169.98     0.997266      7949130       365.71
      174.08     0.997461      7950772       393.85
      178.18     0.997656      7952282       426.67
      182.27     0.997852      7953577       465.45
      187.39     0.998047      7955245       512.00
      189.44     0.998145      7955888       538.95
      192.51     0.998242      7956739       568.89
      195.58     0.998340      7957490       602.35
      198.66     0.998437      7958336       640.00
      201.73     0.998535      7959103       682.67
      204.80     0.998633      7959810       731.43
      207.87     0.998730      7960516       787.69
      211.97     0.998828      7961418       853.33
      216.06     0.998926      7962145       930.91
      220.16     0.999023      7962947      1024.00
      222.21     0.999072      7963348      1077.89
      224.25     0.999121      7963684      1137.78
      227.33     0.999170      7964141      1204.71
      229.38     0.999219      7964468      1280.00
      231.42     0.999268      7964795      1365.33
      234.50     0.999316      7965191      1462.86
      237.57     0.999365      7965594      1575.38
      240.64     0.999414      7965974      1706.67
      244.74     0.999463      7966389      1861.82
      249.85     0.999512      7966792      2048.00
      251.90     0.999536      7966974      2155.79
      253.95     0.999561      7967170      2275.56
      256.00     0.999585      7967361      2409.41
      258.05     0.999609      7967544      2560.00
      261.12     0.999634      7967731      2730.67
      266.24     0.999658      7967979      2925.71
      268.29     0.999683      7968095      3150.77
      272.38     0.999707      7968352      3413.33
      274.43     0.999731      7968481      3723.64
      280.57     0.999756      7968728      4096.00
      282.62     0.999768      7968812      4311.58
      284.67     0.999780      7968923      4551.11
      286.72     0.999792      7968971      4818.82
      290.81     0.999805      7969058      5120.00
      294.91     0.999817      7969170      5461.33
      299.01     0.999829      7969308      5851.43
      301.06     0.999841      7969357      6301.54
      305.15     0.999854      7969447      6826.67
      311.30     0.999866      7969565      7447.27
      315.39     0.999878      7969664      8192.00
      317.44     0.999884      7969726      8623.16
      319.49     0.999890      7969778      9102.22
      321.54     0.999896      7969843      9637.65
      321.54     0.999902      7969843     10240.00
      323.58     0.999908      7969883     10922.67
      329.73     0.999915      7969958     11702.86
      331.77     0.999921      7969990     12603.08
      335.87     0.999927      7970051     13653.33
      339.97     0.999933      7970082     14894.55
      348.16     0.999939      7970133     16384.00
      350.21     0.999942      7970158     17246.32
      352.25     0.999945      7970188     18204.44
      354.30     0.999948      7970206     19275.29
      358.40     0.999951      7970229     20480.00
      362.50     0.999954      7970262     21845.33
      364.54     0.999957      7970283     23405.71
      366.59     0.999960      7970298     25206.15
      370.69     0.999963      7970327     27306.67
      374.78     0.999966      7970363     29789.09
      376.83     0.999969      7970377     32768.00
      378.88     0.999971      7970389     34492.63
      380.93     0.999973      7970395     36408.89
      385.02     0.999974      7970426     38550.59
      385.02     0.999976      7970426     40960.00
      387.07     0.999977      7970438     43690.67
      389.12     0.999979      7970442     46811.43
      391.17     0.999980      7970454     50412.31
      397.31     0.999982      7970467     54613.33
      401.41     0.999983      7970481     59578.18
      409.60     0.999985      7970500     65536.00
      409.60     0.999986      7970500     68985.26
      411.65     0.999986      7970515     72817.78
      411.65     0.999987      7970515     77101.18
      411.65     0.999988      7970515     81920.00
      413.69     0.999989      7970526     87381.33
      415.74     0.999989      7970533     93622.86
      415.74     0.999990      7970533    100824.62
      421.89     0.999991      7970543    109226.67
      423.94     0.999992      7970550    119156.36
      432.13     0.999992      7970554    131072.00
      440.32     0.999993      7970564    137970.53
      440.32     0.999993      7970564    145635.56
      440.32     0.999994      7970564    154202.35
      440.32     0.999994      7970564    163840.00
      442.37     0.999994      7970574    174762.67
      442.37     0.999995      7970574    187245.71
      442.37     0.999995      7970574    201649.23
      446.46     0.999995      7970580    218453.33
      446.46     0.999996      7970580    238312.73
      448.51     0.999996      7970588    262144.00
      448.51     0.999996      7970588    275941.05
      448.51     0.999997      7970588    291271.11
      448.51     0.999997      7970588    308404.71
      448.51     0.999997      7970588    327680.00
      450.56     0.999997      7970591    349525.33
      450.56     0.999997      7970591    374491.43
      471.04     0.999998      7970596    403298.46
      471.04     0.999998      7970596    436906.67
      471.04     0.999998      7970596    476625.45
      473.09     0.999998      7970598    524288.00
      473.09     0.999998      7970598    551882.11
      479.23     0.999998      7970599    582542.22
      481.28     0.999998      7970605    616809.41
      481.28     0.999998      7970605    655360.00
      481.28     0.999999      7970605    699050.67
      481.28     0.999999      7970605    748982.86
      481.28     0.999999      7970605    806596.92
      481.28     0.999999      7970605    873813.33
      481.28     0.999999      7970605    953250.91
      481.28     0.999999      7970605   1048576.00
      481.28     0.999999      7970605   1103764.21
      483.33     0.999999      7970607   1165084.44
      483.33     0.999999      7970607   1233618.82
      483.33     0.999999      7970607   1310720.00
      483.33     0.999999      7970607   1398101.33
      483.33     0.999999      7970607   1497965.71
      495.62     0.999999      7970610   1613193.85
      495.62     0.999999      7970610   1747626.67
      495.62     0.999999      7970610   1906501.82
      495.62     1.000000      7970610   2097152.00
      495.62     1.000000      7970610   2207528.42
      495.62     1.000000      7970610   2330168.89
      495.62     1.000000      7970610   2467237.65
      495.62     1.000000      7970610   2621440.00
      495.62     1.000000      7970610   2796202.67
      495.62     1.000000      7970610   2995931.43
      495.62     1.000000      7970610   3226387.69
      495.62     1.000000      7970610   3495253.33
      495.62     1.000000      7970610   3813003.64
      497.66     1.000000      7970612   4194304.00
      497.66     1.000000      7970612          inf
#[Mean    =       15.032, StdDeviation   =       17.639]
#[Max     =      497.663, Total count    =      7970612]
#[Buckets =           10, SubBuckets     =          256]
