       Value   Percentile   TotalCount 1/(1-Percentile)

        0.19     0.000000            2         1.00
        3.50     0.050000        36268         1.05
        5.54     0.100000        73151         1.11
        7.10     0.150000       110028         1.18
        7.78     0.200000       145115         1.25
        8.32     0.250000       182488         1.33
        8.51     0.300000       220465         1.43
        8.83     0.350000       259081         1.54
        9.02     0.400000       295135         1.67
        9.28     0.450000       332795         1.82
        9.73     0.500000       363524         2.00
       10.11     0.525000       382701         2.11
       10.62     0.550000       399157         2.22
       11.65     0.575000       416925         2.35
       12.54     0.600000       435512         2.50
       13.44     0.625000       453184         2.67
       14.46     0.650000       471944         2.86
       15.49     0.675000       489433         3.08
       16.38     0.700000       508741         3.33
       16.89     0.725000       525718         3.64
       17.66     0.750000       544760         4.00
       18.05     0.762500       553164         4.21
       18.69     0.775000       562601         4.44
       19.33     0.787500       571141         4.71
       19.97     0.800000       580106         5.00
       20.48     0.812500       590370         5.33
       20.86     0.825000       599319         5.71
       21.25     0.837500       608104         6.15
       21.89     0.850000       617947         6.67
       22.53     0.862500       625823         7.27
       23.68     0.875000       634902         8.00
       24.19     0.881250       638834         8.42
       24.83     0.887500       643939         8.89
       25.34     0.893750       648200         9.41
       25.98     0.900000       652621        10.00
       26.75     0.906250       657217        10.67
       27.65     0.912500       661802        11.43
       28.41     0.918750       666254        12.31
       29.05     0.925000       670422        13.33
       29.82     0.931250       674879        14.55
       30.72     0.937500       679471        16.00
       31.23     0.940625       681815        16.84
       31.87     0.943750       684071        17.78
       32.51     0.946875       686617        18.82
       33.02     0.950000       688570        20.00
       33.79     0.953125       691239        21.33
       34.56     0.956250       693007        22.86
       35.84     0.959375       695263        24.62
       37.38     0.962500       698071        26.67
       38.66     0.965625       700083        29.09
       40.45     0.968750       702212        32.00
       41.47     0.970313       703383        33.68
       42.49     0.971875       704388        35.56
       44.03     0.973437       705506        37.65
       45.82     0.975000       706694        40.00
       47.87     0.976562       707846        42.67
       49.92     0.978125       708947        45.71
       52.48     0.979688       710053        49.23
       55.81     0.981250       711121        53.33
       59.65     0.982812       712274        58.18
       64.51     0.984375       713393        64.00
       67.58     0.985156       713944        67.37
       71.17     0.985938       714507        71.11
       75.26     0.986719       715109        75.29
       79.87     0.987500       715697        80.00
       83.97     0.988281       716250        85.33
       88.58     0.989062       716780        91.43
       94.21     0.989844       717343        98.46
       99.84     0.990625       717952       106.67
      104.96     0.991406       718495       116.36
      111.10     0.992188       719085       128.00
      114.17     0.992578       719353       134.74
      117.25     0.992969       719636       142.22
      119.81     0.993359       719886       150.59
      122.88     0.993750       720173       160.00
      126.46     0.994141       720477       170.67
      130.05     0.994531       720771       182.86
      134.14     0.994922       721055       196.92
      138.24     0.995313       721335       213.33
      142.34     0.995703       721606       232.73
      148.48     0.996094       721901       256.00
      150.53     0.996289       722008       269.47
      153.60     0.996484       722186       284.44
      156.67     0.996680       722312       301.18
      159.74     0.996875       722461       320.00
      162.81     0.997070       722586       341.33
      166.91     0.997266       722751       365.71
      169.98     0.997461       722868       393.85
      174.08     0.997656       723020       426.67
      179.20     0.997852       723154       465.45
      184.32     0.998047       723295       512.00
      186.37     0.998145       723355       538.95
      189.44     0.998242       723440       568.89
      192.51     0.998340       723512       602.35
      195.58     0.998437       723584       640.00
      197.63     0.998535       723657       682.67
      199.68     0.998633       723707       731.43
      203.78     0.998730       723797       787.69
      206.85     0.998828       723858       853.33
      210.94     0.998926       723923       930.91
      215.04     0.999023       723989      1024.00
      218.11     0.999072       724038      1077.89
      220.16     0.999121       724070      1137.78
      222.21     0.999170       724101      1204.71
      224.25     0.999219       724136      1280.00
      226.30     0.999268       724165      1365.33
      229.38     0.999316       724209      1462.86
      231.42     0.999365       724239      1575.38
      234.50     0.999414       724280      1706.67
      236.54     0.999463       724306      1861.82
      239.62     0.999512       724342      2048.00
      241.66     0.999536       724365      2155.79
      243.71     0.999561       724380      2275.56
      246.78     0.999585       724401      2409.41
      248.83     0.999609       724413      2560.00
      250.88     0.999634       724432      2730.67
      253.95     0.999658       724449      2925.71
      257.02     0.999683       724468      3150.77
      260.10     0.999707       724484      3413.33
      266.24     0.999731       724503      3723.64
      270.33     0.999756       724521      4096.00
      272.38     0.999768       724534      4311.58
      274.43     0.999780       724542      4551.11
      276.48     0.999792       724545      4818.82
      280.57     0.999805       724554      5120.00
      284.67     0.999817       724574      5461.33
      284.67     0.999829       724574      5851.43
      286.72     0.999841       724580      6301.54
      292.86     0.999854       724592      6826.67
      294.91     0.999866       724598      7447.27
      301.06     0.999878       724608      8192.00
      303.10     0.999884       724611      8623.16
      307.20     0.999890       724617      9102.22
      309.25     0.999896       724621      9637.65
      313.34     0.999902       724627     10240.00
      315.39     0.999908       724630     10922.67
      317.44     0.999915       724634     11702.86
      319.49     0.999921       724640     12603.08
      321.54     0.999927       724643     13653.33
      327.68     0.999933       724649     14894.55
      331.77     0.999939       724653     16384.00
      331.77     0.999942       724653     17246.32
      339.97     0.999945       724658     18204.44
      339.97     0.999948       724658     19275.29
      346.11     0.999951       724660     20480.00
      350.21     0.999954       724662     21845.33
      352.25     0.999957       724665     23405.71
      360.45     0.999960       724668     25206.15
      366.59     0.999963       724669     27306.67
      370.69     0.999966       724671     29789.09
      372.74     0.999969       724676     32768.00
      372.74     0.999971       724676     34492.63
      372.74     0.999973       724676     36408.89
      376.83     0.999974       724677     38550.59
      385.02     0.999976       724681     40960.00
      385.02     0.999977       724681     43690.67
      385.02     0.999979       724681     46811.43
      385.02     0.999980       724681     50412.31
      391.17     0.999982       724682     54613.33
      399.36     0.999983       724684     59578.18
      399.36     0.999985       724684     65536.00
      401.41     0.999986       724685     68985.26
      409.60     0.999986       724686     72817.78
      409.60     0.999987       724686     77101.18
      411.65     0.999988       724687     81920.00
      411.65     0.999989       724687     87381.33
      413.69     0.999989       724688     93622.86
      413.69     0.999990       724688    100824.62
      419.84     0.999991       724689    109226.67
      419.84     0.999992       724689    119156.36
      421.89     0.999992       724690    131072.00
      421.89     0.999993       724690    137970.53
      440.32     0.999993       724691    145635.56
      440.32     0.999994       724691    154202.35
      440.32     0.999994       724691    163840.00
      440.32     0.999994       724691    174762.67
      446.46     0.999995       724692    187245.71
      446.46     0.999995       724692    201649.23
      446.46     0.999995       724692    218453.33
      446.46     0.999996       724692    238312.73
      448.51     0.999996       724693    262144.00
      448.51     0.999996       724693    275941.05
      448.51     0.999997       724693    291271.11
      448.51     0.999997       724693    308404.71
      448.51     0.999997       724693    327680.00
      448.51     0.999997       724693    349525.33
      471.04     0.999997       724694    374491.43
      471.04     0.999998       724694    403298.46
      471.04     0.999998       724694    436906.67
      471.04     0.999998       724694    476625.45
      471.04     0.999998       724694    524288.00
      471.04     0.999998       724694    551882.11
      471.04     0.999998       724694    582542.22
      471.04     0.999998       724694    616809.41
      471.04     0.999998       724694    655360.00
      471.04     0.999999       724694    699050.67
      483.33     0.999999       724695    748982.86
      483.33     1.000000       724695          inf
#[Mean    =       15.000, StdDeviation   =       17.350]
#[Max     =      483.327, Total count    =       724695]
#[Buckets =           10, SubBuckets     =          256]
