       Value   Percentile   TotalCount 1/(1-Percentile)

        0.15     0.000000            6         1.00
        3.50     0.050000       363745         1.05
        5.54     0.100000       731746         1.11
        7.07     0.150000      1087806         1.18
        7.78     0.200000      1452346         1.25
        8.32     0.250000      1831052         1.33
        8.51     0.300000      2210411         1.43
        8.83     0.350000      2593290         1.54
        9.02     0.400000      2955275         1.67
        9.28     0.450000      3331290         1.82
        9.73     0.500000      3637062         2.00
       10.11     0.525000      3829120         2.11
       10.62     0.550000      3993526         2.22
       11.65     0.575000      4169608         2.35
       12.54     0.600000      4356622         2.50
       13.44     0.625000      4534619         2.67
       14.46     0.650000      4720882         2.86
       15.49     0.675000      4895648         3.08
       16.38     0.700000      5088834         3.33
       16.89     0.725000      5258014         3.64
       17.66     0.750000      5448712         4.00
       18.05     0.762500      5533857         4.21
       18.69     0.775000      5628753         4.44
       19.33     0.787500      5714520         4.71
       19.97     0.800000      5802883         5.00
       20.48     0.812500      5905497         5.33
       20.86     0.825000      5993260         5.71
       21.25     0.837500      6081521         6.15
       21.89     0.850000      6179899         6.67
       22.53     0.862500      6258843         7.27
       23.68     0.875000      6348817         8.00
       24.19     0.881250      6388216         8.42
       24.83     0.887500      6438870         8.89
       25.34     0.893750      6481331         9.41
       25.98     0.900000      6525283        10.00
       26.75     0.906250      6571360        10.67
       27.65     0.912500      6617398        11.43
       28.41     0.918750      6661717        12.31
       29.05     0.925000      6703334        13.33
       29.95     0.931250      6753244        14.55
       30.85     0.937500      6798011        16.00
       31.23     0.940625      6815817        16.84
       31.87     0.943750      6839080        17.78
       32.51     0.946875      6864792        18.82
       33.02     0.950000      6884283        20.00
       33.79     0.953125      6911059        21.33
       34.81     0.956250      6934904        22.86
       35.84     0.959375      6951706        24.62
       37.38     0.962500      6979600        26.67
       38.66     0.965625      6999314        29.09
       40.45     0.968750      7020893        32.00
       41.47     0.970313      7032499        33.68
       42.49     0.971875      7042245        35.56
       44.29     0.973437      7054863        37.65
       46.08     0.975000      7066344        40.00
       47.87     0.976562      7076258        42.67
       50.17     0.978125      7087955        45.71
       52.99     0.979688      7099352        49.23
       56.58     0.981250      7110461        53.33
       60.41     0.982812      7121885        58.18
       65.28     0.984375      7132786        64.00
       68.61     0.985156      7138855        67.37
       72.19     0.985938      7144054        71.11
       76.80     0.986719      7150272        75.29
       80.89     0.987500      7155602        80.00
       85.50     0.988281      7161327        85.33
       90.62     0.989062      7167074        91.43
       95.74     0.989844      7172807        98.46
      100.86     0.990625      7178338       106.67
      106.50     0.991406      7183888       116.36
      112.13     0.992188      7189377       128.00
      115.20     0.992578      7192448       134.74
      117.76     0.992969      7195080       142.22
      120.83     0.993359      7198131       150.59
      123.90     0.993750      7200761       160.00
      127.49     0.994141      7203655       170.67
      131.07     0.994531      7206372       182.86
      136.19     0.994922      7209767       196.92
      140.29     0.995313      7212320       213.33
      145.41     0.995703      7215282       232.73
      150.53     0.996094      7217885       256.00
      153.60     0.996289      7219496       269.47
      156.67     0.996484      7220834       284.44
      159.74     0.996680      7222184       301.18
      162.81     0.996875      7223457       320.00
      166.91     0.997070      7225058       341.33
      169.98     0.997266      7226262       365.71
      174.08     0.997461      7227752       393.85
      178.18     0.997656      7229151       426.67
      183.29     0.997852      7230675       465.45
      187.39     0.998047      7231865       512.00
      190.46     0.998145      7232711       538.95
      192.51     0.998242      7233227       568.89
      195.58     0.998340      7233906       602.35
      198.66     0.998437      7234653       640.00
      201.73     0.998535      7235352       682.67
      205.82     0.998633      7236215       731.43
      208.90     0.998730      7236848       787.69
      211.97     0.998828      7237477       853.33
      216.06     0.998926      7238141       930.91
      220.16     0.999023      7238877      1024.00
      222.21     0.999072      7239247      1077.89
      225.28     0.999121      7239684      1137.78
      227.33     0.999170      7239961      1204.71
      229.38     0.999219      7240259      1280.00
      232.45     0.999268      7240679      1365.33
      235.52     0.999316      7241049      1462.86
      238.59     0.999365      7241398      1575.38
      241.66     0.999414      7241727      1706.67
      245.76     0.999463      7242085      1861.82
      250.88     0.999512      7242457      2048.00
      252.93     0.999536      7242626      2155.79
      254.97     0.999561      7242810      2275.56
      257.02     0.999585      7242981      2409.41
      259.07     0.999609      7243139      2560.00
      262.14     0.999634      7243285      2730.67
      266.24     0.999658      7243476      2925.71
      270.33     0.999683      7243680      3150.77
      272.38     0.999707      7243818      3413.33
      276.48     0.999731      7244015      3723.64
      280.57     0.999756      7244174      4096.00
      282.62     0.999768      7244252      4311.58
      284.67     0.999780      7244349      4551.11
      288.77     0.999792      7244432      4818.82
      292.86     0.999805      7244527      5120.00
      296.96     0.999817      7244621      5461.33
      299.01     0.999829      7244703      5851.43
      303.10     0.999841      7244801      6301.54
      307.20     0.999854      7244867      6826.67
      313.34     0.999866      7244982      7447.27
      315.39     0.999878      7245034      8192.00
      317.44     0.999884      7245092      8623.16
      319.49     0.999890      7245138      9102.22
      321.54     0.999896      7245200      9637.65
      323.58     0.999902      7245239     10240.00
      325.63     0.999908      7245258     10922.67
      329.73     0.999915      7245308     11702.86
      333.82     0.999921      7245368     12603.08
      335.87     0.999927      7245396     13653.33
      344.06     0.999933      7245438     14894.55
      350.21     0.999939      7245496     16384.00
      352.25     0.999942      7245523     17246.32
      352.25     0.999945      7245523     18204.44
      356.35     0.999948      7245555     19275.29
      360.45     0.999951      7245575     20480.00
      362.50     0.999954      7245594     21845.33
      364.54     0.999957      7245615     23405.71
      368.64     0.999960      7245636     25206.15
      370.69     0.999963      7245656     27306.67
      374.78     0.999966      7245687     29789.09
      376.83     0.999969      7245700     32768.00
      378.88     0.999971      7245712     34492.63
      380.93     0.999973      7245718     36408.89
      385.02     0.999974      7245745     38550.59
      385.02     0.999976      7245745     40960.00
      387.07     0.999977      7245757     43690.67
      391.17     0.999979      7245772     46811.43
      395.26     0.999980      7245778     50412.31
      397.31     0.999982      7245785     54613.33
      401.41     0.999983      7245796     59578.18
      409.60     0.999985      7245814     65536.00
      409.60     0.999986      7245814     68985.26
      411.65     0.999986      7245828     72817.78
      411.65     0.999987      7245828     77101.18
      413.69     0.999988      7245838     81920.00
      413.69     0.999989      7245838     87381.33
      415.74     0.999989      7245845     93622.86
      417.79     0.999990      7245846    100824.62
      421.89     0.999991      7245853    109226.67
      423.94     0.999992      7245860    119156.36
      432.13     0.999992      7245864    131072.00
      440.32     0.999993      7245873    137970.53
      440.32     0.999993      7245873    145635.56
      440.32     0.999994      7245873    154202.35
      440.32     0.999994      7245873    163840.00
      442.37     0.999994      7245883    174762.67
      442.37     0.999995      7245883    187245.71
      442.37     0.999995      7245883    201649.23
      444.42     0.999995      7245884    218453.33
      446.46     0.999996      7245888    238312.73
      448.51     0.999996      7245895    262144.00
      448.51     0.999996      7245895    275941.05
      448.51     0.999997      7245895    291271.11
      448.51     0.999997      7245895    308404.71
      448.51     0.999997      7245895    327680.00
      450.56     0.999997      7245898    349525.33
      450.56     0.999997      7245898    374491.43
      471.04     0.999998      7245902    403298.46
      471.04     0.999998      7245902    436906.67
      471.04     0.999998      7245902    476625.45
      473.09     0.999998      7245904    524288.00
      473.09     0.999998      7245904    551882.11
      479.23     0.999998      7245905    582542.22
      481.28     0.999998      7245911    616809.41
      481.28     0.999998      7245911    655360.00
      481.28     0.999999      7245911    699050.67
      481.28     0.999999      7245911    748982.86
      481.28     0.999999      7245911    806596.92
      481.28     0.999999      7245911    873813.33
      481.28     0.999999      7245911    953250.91
      481.28     0.999999      7245911   1048576.00
      481.28     0.999999      7245911   1103764.21
      481.28     0.999999      7245911   1165084.44
      483.33     0.999999      7245912   1233618.82
      483.33     0.999999      7245912   1310720.00
      483.33     0.999999      7245912   1398101.33
      495.62     0.999999      7245915   1497965.71
      495.62     0.999999      7245915   1613193.85
      495.62     0.999999      7245915   1747626.67
      495.62     0.999999      7245915   1906501.82
      495.62     1.000000      7245915   2097152.00
      495.62     1.000000      7245915   2207528.42
      495.62     1.000000      7245915   2330168.89
      495.62     1.000000      7245915   2467237.65
      495.62     1.000000      7245915   2621440.00
      495.62     1.000000      7245915   2796202.67
      495.62     1.000000      7245915   2995931.43
      495.62     1.000000      7245915   3226387.69
      495.62     1.000000      7245915   3495253.33
      497.66     1.000000      7245917   3813003.64
      497.66     1.000000      7245917          inf
#[Mean    =       15.035, StdDeviation   =       17.668]
#[Max     =      497.663, Total count    =      7245917]
#[Buckets =           10, SubBuckets     =          256]
