       Value   Percentile   TotalCount 1/(1-Percentile)

        0.15     0.000000            3         1.00
        3.41     0.050000        37690         1.05
        4.99     0.100000        75197         1.11
        6.53     0.150000       113125         1.18
        7.23     0.200000       150574         1.25
        7.90     0.250000       188044         1.33
        8.38     0.300000       229602         1.43
        8.57     0.350000       271538         1.54
        8.83     0.400000       301780         1.67
        9.02     0.450000       338716         1.82
        9.28     0.500000       380350         2.00
        9.60     0.525000       395303         2.11
        9.98     0.550000       414976         2.22
       10.69     0.575000       432835         2.35
       11.71     0.600000       449752         2.50
       12.67     0.625000       469418         2.67
       13.70     0.650000       488144         2.86
       14.85     0.675000       507015         3.08
       15.87     0.700000       524934         3.33
       16.64     0.725000       544616         3.64
       17.28     0.750000       566375         4.00
       17.54     0.762500       572539         4.21
       18.05     0.775000       581672         4.44
       18.69     0.787500       591276         4.71
       19.33     0.800000       600606         5.00
       19.97     0.812500       609510         5.33
       20.61     0.825000       620671         5.71
       20.99     0.837500       628560         6.15
       21.38     0.850000       638285         6.67
       22.02     0.862500       647244         7.27
       22.91     0.875000       656077         8.00
       23.55     0.881250       660856         8.42
       24.19     0.887500       665655         8.89
       24.83     0.893750       670882         9.41
       25.34     0.900000       675306        10.00
       25.98     0.906250       679824        10.67
       26.75     0.912500       684100        11.43
       27.90     0.918750       689242        12.31
       28.67     0.925000       693390        13.33
       29.44     0.931250       698307        14.55
       30.34     0.937500       702779        16.00
       30.85     0.940625       705125        16.84
       31.49     0.943750       707589        17.78
       32.13     0.946875       709865        18.82
       33.02     0.950000       713046        20.00
       33.53     0.953125       715006        21.33
       34.30     0.956250       717137        22.86
       35.33     0.959375       719201        24.62
       36.61     0.962500       721688        26.67
       37.89     0.965625       723992        29.09
       39.42     0.968750       726255        32.00
       40.45     0.970313       727466        33.68
       41.47     0.971875       728633        35.56
       42.75     0.973437       729669        37.65
       44.80     0.975000       730913        40.00
       46.59     0.976562       732073        42.67
       48.90     0.978125       733258        45.71
       51.45     0.979688       734333        49.23
       55.04     0.981250       735537        53.33
       59.13     0.982812       736691        58.18
       63.74     0.984375       737859        64.00
       66.56     0.985156       738471        67.37
       69.63     0.985938       739050        71.11
       73.73     0.986719       739670        75.29
       77.31     0.987500       740194        80.00
       81.92     0.988281       740811        85.33
       87.04     0.989062       741404        91.43
       92.67     0.989844       741958        98.46
       98.30     0.990625       742557       106.67
      103.94     0.991406       743126       116.36
      110.59     0.992188       743739       128.00
      113.66     0.992578       744015       134.74
      117.25     0.992969       744329       142.22
      120.83     0.993359       744612       150.59
      124.42     0.993750       744904       160.00
      128.00     0.994141       745182       170.67
      132.09     0.994531       745496       182.86
      137.22     0.994922       745824       196.92
      141.31     0.995313       746095       213.33
      145.41     0.995703       746344       232.73
      151.55     0.996094       746663       256.00
      154.62     0.996289       746800       269.47
      157.69     0.996484       746929       284.44
      161.79     0.996680       747097       301.18
      164.86     0.996875       747226       320.00
      168.96     0.997070       747371       341.33
      173.06     0.997266       747540       365.71
      177.15     0.997461       747672       393.85
      181.25     0.997656       747820       426.67
      186.37     0.997852       747968       465.45
      191.49     0.998047       748100       512.00
      194.56     0.998145       748175       538.95
      196.61     0.998242       748245       568.89
      200.70     0.998340       748343       602.35
      203.78     0.998437       748406       640.00
      206.85     0.998535       748464       682.67
      211.97     0.998633       748563       731.43
      214.01     0.998730       748612       787.69
      217.09     0.998828       748692       853.33
      221.18     0.998926       748767       930.91
      225.28     0.999023       748827      1024.00
      228.35     0.999072       748871      1077.89
      230.40     0.999121       748910      1137.78
      232.45     0.999170       748949      1204.71
      234.50     0.999219       748991      1280.00
      235.52     0.999268       749014      1365.33
      238.59     0.999316       749062      1462.86
      241.66     0.999365       749092      1575.38
      244.74     0.999414       749127      1706.67
      247.81     0.999463       749158      1861.82
      252.93     0.999512       749201      2048.00
      254.97     0.999536       749221      2155.79
      256.00     0.999561       749232      2275.56
      258.05     0.999585       749249      2409.41
      261.12     0.999609       749271      2560.00
      264.19     0.999634       749289      2730.67
      268.29     0.999658       749315      2925.71
      270.33     0.999683       749329      3150.77
      274.43     0.999707       749345      3413.33
      278.53     0.999731       749357      3723.64
      284.67     0.999756       749379      4096.00
      286.72     0.999768       749392      4311.58
      288.77     0.999780       749402      4551.11
      290.81     0.999792       749409      4818.82
      292.86     0.999805       749422      5120.00
      292.86     0.999817       749422      5461.33
      296.96     0.999829       749436      5851.43
      299.01     0.999841       749443      6301.54
      301.06     0.999854       749453      6826.67
      303.10     0.999866       749460      7447.27
      307.20     0.999878       749470      8192.00
      309.25     0.999884       749477      8623.16
      309.25     0.999890       749477      9102.22
      311.30     0.999896       749484      9637.65
      313.34     0.999902       749486     10240.00
      317.44     0.999908       749494     10922.67
      317.44     0.999915       749494     11702.86
      321.54     0.999921       749501     12603.08
      327.68     0.999927       749504     13653.33
      329.73     0.999933       749509     14894.55
      333.82     0.999939       749513     16384.00
      335.87     0.999942       749516     17246.32
      337.92     0.999945       749517     18204.44
      339.97     0.999948       749520     19275.29
      342.01     0.999951       749523     20480.00
      344.06     0.999954       749526     21845.33
      344.06     0.999957       749526     23405.71
      352.25     0.999960       749535     25206.15
      352.25     0.999963       749535     27306.67
      352.25     0.999966       749535     29789.09
      354.30     0.999969       749538     32768.00
      354.30     0.999971       749538     34492.63
      354.30     0.999973       749538     36408.89
      356.35     0.999974       749540     38550.59
      356.35     0.999976       749540     40960.00
      358.40     0.999977       749541     43690.67
      360.45     0.999979       749542     46811.43
      366.59     0.999980       749544     50412.31
      368.64     0.999982       749547     54613.33
      368.64     0.999983       749547     59578.18
      368.64     0.999985       749547     65536.00
      370.69     0.999986       749548     68985.26
      370.69     0.999986       749548     72817.78
      372.74     0.999987       749551     77101.18
      372.74     0.999988       749551     81920.00
      372.74     0.999989       749551     87381.33
      372.74     0.999989       749551     93622.86
      372.74     0.999990       749551    100824.62
      376.83     0.999991       749552    109226.67
      376.83     0.999992       749552    119156.36
      378.88     0.999992       749553    131072.00
      378.88     0.999993       749553    137970.53
      378.88     0.999993       749553    145635.56
      385.02     0.999994       749554    154202.35
      385.02     0.999994       749554    163840.00
      385.02     0.999994       749554    174762.67
      385.02     0.999995       749554    187245.71
      391.17     0.999995       749555    201649.23
      391.17     0.999995       749555    218453.33
      391.17     0.999996       749555    238312.73
      393.21     0.999996       749557    262144.00
      393.21     0.999996       749557    275941.05
      393.21     0.999997       749557    291271.11
      393.21     0.999997       749557    308404.71
      393.21     0.999997       749557    327680.00
      393.21     0.999997       749557    349525.33
      393.21     0.999997       749557    374491.43
      393.21     0.999998       749557    403298.46
      393.21     0.999998       749557    436906.67
      393.21     0.999998       749557    476625.45
      393.21     0.999998       749557    524288.00
      393.21     0.999998       749557    551882.11
      393.21     0.999998       749557    582542.22
      393.21     0.999998       749557    616809.41
      393.21     0.999998       749557    655360.00
      393.21     0.999999       749557    699050.67
      393.21     0.999999       749557    748982.86
      421.89     0.999999       749558    806596.92
      421.89     1.000000       749558          inf
#[Mean    =       14.567, StdDeviation   =       17.647]
#[Max     =      421.887, Total count    =       749558]
#[Buckets =           10, SubBuckets     =          256]
