       Value   Percentile   TotalCount 1/(1-Percentile)

        0.15     0.000000            6         1.00
        3.39     0.050000       414516         1.05
        4.99     0.100000       828049         1.11
        6.53     0.150000      1243318         1.18
        7.23     0.200000      1655018         1.25
        7.90     0.250000      2066493         1.33
        8.38     0.300000      2528800         1.43
        8.57     0.350000      2986406         1.54
        8.83     0.400000      3320837         1.67
        9.02     0.450000      3731676         1.82
        9.21     0.500000      4124048         2.00
        9.60     0.525000      4351226         2.11
        9.92     0.550000      4536878         2.22
       10.62     0.575000      4741710         2.35
       11.71     0.600000      4950411         2.50
       12.61     0.625000      5152638         2.67
       13.70     0.650000      5370144         2.86
       14.78     0.675000      5566793         3.08
       15.87     0.700000      5777041         3.33
       16.64     0.725000      5995089         3.64
       17.28     0.750000      6235408         4.00
       17.54     0.762500      6302087         4.21
       18.05     0.775000      6401769         4.44
       18.69     0.787500      6507890         4.71
       19.33     0.800000      6610325         5.00
       19.97     0.812500      6710104         5.33
       20.48     0.825000      6805928         5.71
       20.99     0.837500      6920996         6.15
       21.38     0.850000      7026904         6.67
       22.02     0.862500      7125010         7.27
       22.91     0.875000      7221033         8.00
       23.55     0.881250      7274062         8.42
       24.19     0.887500      7326060         8.89
       24.70     0.893750      7370346         9.41
       25.34     0.900000      7430781        10.00
       25.98     0.906250      7479392        10.67
       26.75     0.912500      7526773        11.43
       27.77     0.918750      7575311        12.31
       28.67     0.925000      7629433        13.33
       29.44     0.931250      7683630        14.55
       30.34     0.937500      7733741        16.00
       30.85     0.940625      7758653        16.84
       31.49     0.943750      7785469        17.78
       32.13     0.946875      7810518        18.82
       32.77     0.950000      7833716        20.00
       33.53     0.953125      7866052        21.33
       34.30     0.956250      7889589        22.86
       35.33     0.959375      7911334        24.62
       36.61     0.962500      7937921        26.67
       37.89     0.965625      7963686        29.09
       39.42     0.968750      7988352        32.00
       40.45     0.970313      8001582        33.68
       41.47     0.971875      8014379        35.56
       42.75     0.973437      8026397        37.65
       44.54     0.975000      8038267        40.00
       46.34     0.976562      8050926        42.67
       48.90     0.978125      8065267        45.71
       51.45     0.979688      8077522        49.23
       54.53     0.981250      8089891        53.33
       58.88     0.982812      8103104        58.18
       63.49     0.984375      8115697        64.00
       66.05     0.985156      8122039        67.37
       69.12     0.985938      8128434        71.11
       73.22     0.986719      8135371        75.29
       76.80     0.987500      8141432        80.00
       81.41     0.988281      8148186        85.33
       86.02     0.989062      8154038        91.43
       92.16     0.989844      8160833        98.46
       97.79     0.990625      8167208       106.67
      103.42     0.991406      8173408       116.36
      109.57     0.992188      8179739       128.00
      113.15     0.992578      8183240       134.74
      116.22     0.992969      8186200       142.22
      119.81     0.993359      8189549       150.59
      123.39     0.993750      8192837       160.00
      126.97     0.994141      8196113       170.67
      130.56     0.994531      8199204       182.86
      135.17     0.994922      8202681       196.92
      139.26     0.995313      8205626       213.33
      144.38     0.995703      8209216       232.73
      149.50     0.996094      8212427       256.00
      151.55     0.996289      8213651       269.47
      154.62     0.996484      8215277       284.44
      158.72     0.996680      8217131       301.18
      161.79     0.996875      8218514       320.00
      165.89     0.997070      8220329       341.33
      169.98     0.997266      8221954       365.71
      173.06     0.997461      8223215       393.85
      178.18     0.997656      8224862       426.67
      183.29     0.997852      8226489       465.45
      189.44     0.998047      8228310       512.00
      191.49     0.998145      8228937       538.95
      194.56     0.998242      8229880       568.89
      197.63     0.998340      8230692       602.35
      200.70     0.998437      8231434       640.00
      203.78     0.998535      8232208       682.67
      207.87     0.998633      8233063       731.43
      210.94     0.998730      8233694       787.69
      215.04     0.998828      8234563       853.33
      219.13     0.998926      8235401       930.91
      223.23     0.999023      8236095      1024.00
      226.30     0.999072      8236522      1077.89
      229.38     0.999121      8237037      1137.78
      231.42     0.999170      8237426      1204.71
      233.47     0.999219      8237738      1280.00
      235.52     0.999268      8238097      1365.33
      238.59     0.999316      8238594      1462.86
      241.66     0.999365      8239013      1575.38
      244.74     0.999414      8239362      1706.67
      247.81     0.999463      8239707      1861.82
      251.90     0.999512      8240208      2048.00
      252.93     0.999536      8240315      2155.79
      254.97     0.999561      8240534      2275.56
      257.02     0.999585      8240733      2409.41
      259.07     0.999609      8240929      2560.00
      262.14     0.999634      8241171      2730.67
      264.19     0.999658      8241336      2925.71
      268.29     0.999683      8241613      3150.77
      270.33     0.999707      8241768      3413.33
      274.43     0.999731      8241990      3723.64
      278.53     0.999756      8242171      4096.00
      280.57     0.999768      8242244      4311.58
      284.67     0.999780      8242401      4551.11
      286.72     0.999792      8242513      4818.82
      288.77     0.999805      8242595      5120.00
      290.81     0.999817      8242686      5461.33
      292.86     0.999829      8242769      5851.43
      294.91     0.999841      8242866      6301.54
      296.96     0.999854      8242941      6826.67
      299.01     0.999866      8243035      7447.27
      303.10     0.999878      8243196      8192.00
      303.10     0.999884      8243196      8623.16
      305.15     0.999890      8243271      9102.22
      307.20     0.999896      8243306      9637.65
      309.25     0.999902      8243342     10240.00
      311.30     0.999908      8243391     10922.67
      315.39     0.999915      8243465     11702.86
      317.44     0.999921      8243526     12603.08
      319.49     0.999927      8243559     13653.33
      321.54     0.999933      8243589     14894.55
      327.68     0.999939      8243639     16384.00
      329.73     0.999942      8243664     17246.32
      333.82     0.999945      8243706     18204.44
      335.87     0.999948      8243749     19275.29
      335.87     0.999951      8243749     20480.00
      337.92     0.999954      8243760     21845.33
      339.97     0.999957      8243789     23405.71
      342.01     0.999960      8243812     25206.15
      346.11     0.999963      8243853     27306.67
      348.16     0.999966      8243865     29789.09
      350.21     0.999969      8243884     32768.00
      352.25     0.999971      8243916     34492.63
      352.25     0.999973      8243916     36408.89
      354.30     0.999974      8243958     38550.59
      354.30     0.999976      8243958     40960.00
      354.30     0.999977      8243958     43690.67
      356.35     0.999979      8243975     46811.43
      356.35     0.999980      8243975     50412.31
      360.45     0.999982      8243987     54613.33
      366.59     0.999983      8243999     59578.18
      368.64     0.999985      8244013     65536.00
      370.69     0.999986      8244021     68985.26
      372.74     0.999986      8244041     72817.78
      372.74     0.999987      8244041     77101.18
      372.74     0.999988      8244041     81920.00
      372.74     0.999989      8244041     87381.33
      374.78     0.999989      8244049     93622.86
      376.83     0.999990      8244061    100824.62
      376.83     0.999991      8244061    109226.67
      378.88     0.999992      8244068    119156.36
      385.02     0.999992      8244075    131072.00
      389.12     0.999993      8244079    137970.53
      389.12     0.999993      8244079    145635.56
      391.17     0.999994      8244089    154202.35
      391.17     0.999994      8244089    163840.00
      391.17     0.999994      8244089    174762.67
      393.21     0.999995      8244094    187245.71
      395.26     0.999995      8244096    201649.23
      397.31     0.999995      8244098    218453.33
      409.60     0.999996      8244101    238312.73
      411.65     0.999996      8244106    262144.00
      411.65     0.999996      8244106    275941.05
      413.69     0.999997      8244107    291271.11
      419.84     0.999997      8244113    308404.71
      419.84     0.999997      8244113    327680.00
      419.84     0.999997      8244113    349525.33
      419.84     0.999997      8244113    374491.43
      421.89     0.999998      8244120    403298.46
      421.89     0.999998      8244120    436906.67
      421.89     0.999998      8244120    476625.45
      421.89     0.999998      8244120    524288.00
      423.94     0.999998      8244127    551882.11
      423.94     0.999998      8244127    582542.22
      423.94     0.999998      8244127    616809.41
      423.94     0.999998      8244127    655360.00
      423.94     0.999999      8244127    699050.67
      423.94     0.999999      8244127    748982.86
      423.94     0.999999      8244127    806596.92
      423.94     0.999999      8244127    873813.33
      423.94     0.999999      8244127    953250.91
      452.61     0.999999      8244134   1048576.00
      452.61     0.999999      8244134   1103764.21
      452.61     0.999999      8244134   1165084.44
      452.61     0.999999      8244134   1233618.82
      452.61     0.999999      8244134   1310720.00
      452.61     0.999999      8244134   1398101.33
      452.61     0.999999      8244134   1497965.71
      452.61     0.999999      8244134   1613193.85
      452.61     0.999999      8244134   1747626.67
      452.61     0.999999      8244134   1906501.82
      452.61     1.000000      8244134   2097152.00
      452.61     1.000000      8244134   2207528.42
      452.61     1.000000      8244134   2330168.89
      452.61     1.000000      8244134   2467237.65
      452.61     1.000000      8244134   2621440.00
      452.61     1.000000      8244134   2796202.67
      452.61     1.000000      8244134   2995931.43
      452.61     1.000000      8244134   3226387.69
      452.61     1.000000      8244134   3495253.33
      452.61     1.000000      8244134   3813003.64
      452.61     1.000000      8244134   4194304.00
      452.61     1.000000      8244134   4415056.84
      452.61     1.000000      8244134   4660337.78
      452.61     1.000000      8244134   4934475.29
      452.61     1.000000      8244134   5242880.00
      452.61     1.000000      8244134   5592405.33
      452.61     1.000000      8244134   5991862.86
      452.61     1.000000      8244134   6452775.39
      452.61     1.000000      8244134   6990506.67
      452.61     1.000000      8244134   7626007.28
      454.65     1.000000      8244135   8388608.00
      454.65     1.000000      8244135          inf
#[Mean    =       14.532, StdDeviation   =       17.481]
#[Max     =      454.655, Total count    =      8244135]
#[Buckets =           10, SubBuckets     =          256]
