       Value   Percentile   TotalCount 1/(1-Percentile)

        0.15     0.000000            3         1.00
        3.38     0.050000       374944         1.05
        4.99     0.100000       752852         1.11
        6.53     0.150000      1130193         1.18
        7.23     0.200000      1504444         1.25
        7.90     0.250000      1878449         1.33
        8.38     0.300000      2299198         1.43
        8.57     0.350000      2714868         1.54
        8.83     0.400000      3019057         1.67
        9.02     0.450000      3392960         1.82
        9.21     0.500000      3749645         2.00
        9.60     0.525000      3955923         2.11
        9.92     0.550000      4124697         2.22
       10.62     0.575000      4310860         2.35
       11.71     0.600000      4500659         2.50
       12.61     0.625000      4684331         2.67
       13.70     0.650000      4882000         2.86
       14.78     0.675000      5060863         3.08
       15.87     0.700000      5252107         3.33
       16.64     0.725000      5450473         3.64
       17.28     0.750000      5669033         4.00
       17.54     0.762500      5729548         4.21
       18.05     0.775000      5820097         4.44
       18.69     0.787500      5916614         4.71
       19.33     0.800000      6009719         5.00
       19.97     0.812500      6100594         5.33
       20.48     0.825000      6187753         5.71
       20.99     0.837500      6292436         6.15
       21.38     0.850000      6388619         6.67
       22.02     0.862500      6477766         7.27
       22.91     0.875000      6564956         8.00
       23.55     0.881250      6613206         8.42
       24.06     0.887500      6651496         8.89
       24.70     0.893750      6700584         9.41
       25.34     0.900000      6755475        10.00
       25.98     0.906250      6799568        10.67
       26.75     0.912500      6842673        11.43
       27.77     0.918750      6886765        12.31
       28.67     0.925000      6936043        13.33
       29.44     0.931250      6985323        14.55
       30.34     0.937500      7030962        16.00
       30.85     0.940625      7053528        16.84
       31.49     0.943750      7077880        17.78
       32.13     0.946875      7100653        18.82
       32.77     0.950000      7121729        20.00
       33.53     0.953125      7151046        21.33
       34.30     0.956250      7172452        22.86
       35.33     0.959375      7192133        24.62
       36.61     0.962500      7216233        26.67
       37.89     0.965625      7239694        29.09
       39.42     0.968750      7262097        32.00
       40.45     0.970313      7274116        33.68
       41.47     0.971875      7285746        35.56
       42.75     0.973437      7296728        37.65
       44.54     0.975000      7307498        40.00
       46.34     0.976562      7319004        42.67
       48.64     0.978125      7330649        45.71
       51.45     0.979688      7343189        49.23
       54.53     0.981250      7354520        53.33
       58.62     0.982812      7365778        58.18
       63.49     0.984375      7377893        64.00
       66.05     0.985156      7383669        67.37
       69.12     0.985938      7389477        71.11
       73.22     0.986719      7395779        75.29
       76.80     0.987500      7401305        80.00
       80.89     0.988281      7406784        85.33
       86.02     0.989062      7412753        91.43
       92.16     0.989844      7418916        98.46
       97.79     0.990625      7424703       106.67
      103.42     0.991406      7430325       116.36
      109.57     0.992188      7436088       128.00
      113.15     0.992578      7439269       134.74
      116.22     0.992969      7441949       142.22
      119.81     0.993359      7445021       150.59
      123.39     0.993750      7448009       160.00
      126.97     0.994141      7451005       170.67
      130.56     0.994531      7453802       182.86
      135.17     0.994922      7457004       196.92
      139.26     0.995313      7459662       213.33
      144.38     0.995703      7462943       232.73
      149.50     0.996094      7465873       256.00
      151.55     0.996289      7466988       269.47
      154.62     0.996484      7468477       284.44
      157.69     0.996680      7469739       301.18
      161.79     0.996875      7471417       320.00
      164.86     0.997070      7472648       341.33
      168.96     0.997266      7474186       365.71
      173.06     0.997461      7475675       393.85
      178.18     0.997656      7477163       426.67
      183.29     0.997852      7478616       465.45
      188.41     0.998047      7480008       512.00
      191.49     0.998145      7480837       538.95
      193.53     0.998242      7481447       568.89
      196.61     0.998340      7482168       602.35
      199.68     0.998437      7482885       640.00
      203.78     0.998535      7483802       682.67
      206.85     0.998633      7484395       731.43
      210.94     0.998730      7485161       787.69
      215.04     0.998828      7485920       853.33
      219.13     0.998926      7486677       930.91
      223.23     0.999023      7487289      1024.00
      226.30     0.999072      7487684      1077.89
      229.38     0.999121      7488148      1137.78
      231.42     0.999170      7488499      1204.71
      233.47     0.999219      7488772      1280.00
      236.54     0.999268      7489241      1365.33
      238.59     0.999316      7489532      1462.86
      241.66     0.999365      7489921      1575.38
      244.74     0.999414      7490235      1706.67
      248.83     0.999463      7490663      1861.82
      251.90     0.999512      7491016      2048.00
      252.93     0.999536      7491114      2155.79
      254.97     0.999561      7491313      2275.56
      257.02     0.999585      7491495      2409.41
      259.07     0.999609      7491672      2560.00
      262.14     0.999634      7491893      2730.67
      264.19     0.999658      7492047      2925.71
      268.29     0.999683      7492298      3150.77
      270.33     0.999707      7492439      3413.33
      274.43     0.999731      7492645      3723.64
      278.53     0.999756      7492814      4096.00
      280.57     0.999768      7492880      4311.58
      282.62     0.999780      7492935      4551.11
      284.67     0.999792      7493022      4818.82
      286.72     0.999805      7493121      5120.00
      290.81     0.999817      7493277      5461.33
      292.86     0.999829      7493347      5851.43
      294.91     0.999841      7493438      6301.54
      296.96     0.999854      7493505      6826.67
      299.01     0.999866      7493592      7447.27
      301.06     0.999878      7493663      8192.00
      303.10     0.999884      7493736      8623.16
      305.15     0.999890      7493805      9102.22
      305.15     0.999896      7493805      9637.65
      309.25     0.999902      7493865     10240.00
      311.30     0.999908      7493907     10922.67
      315.39     0.999915      7493976     11702.86
      317.44     0.999921      7494032     12603.08
      317.44     0.999927      7494032     13653.33
      321.54     0.999933      7494088     14894.55
      325.63     0.999939      7494123     16384.00
      329.73     0.999942      7494155     17246.32
      331.77     0.999945      7494169     18204.44
      333.82     0.999948      7494193     19275.29
      335.87     0.999951      7494233     20480.00
      337.92     0.999954      7494243     21845.33
      339.97     0.999957      7494269     23405.71
      342.01     0.999960      7494289     25206.15
      344.06     0.999963      7494306     27306.67
      346.11     0.999966      7494326     29789.09
      350.21     0.999969      7494356     32768.00
      352.25     0.999971      7494381     34492.63
      352.25     0.999973      7494381     36408.89
      354.30     0.999974      7494420     38550.59
      354.30     0.999976      7494420     40960.00
      354.30     0.999977      7494420     43690.67
      354.30     0.999979      7494420     46811.43
      356.35     0.999980      7494435     50412.31
      360.45     0.999982      7494445     54613.33
      366.59     0.999983      7494455     59578.18
      368.64     0.999985      7494466     65536.00
      370.69     0.999986      7494473     68985.26
      372.74     0.999986      7494490     72817.78
      372.74     0.999987      7494490     77101.18
      372.74     0.999988      7494490     81920.00
      374.78     0.999989      7494498     87381.33
      374.78     0.999989      7494498     93622.86
      376.83     0.999990      7494509    100824.62
      376.83     0.999991      7494509    109226.67
      378.88     0.999992      7494515    119156.36
      385.02     0.999992      7494521    131072.00
      389.12     0.999993      7494525    137970.53
      391.17     0.999993      7494534    145635.56
      391.17     0.999994      7494534    154202.35
      391.17     0.999994      7494534    163840.00
      393.21     0.999994      7494537    174762.67
      393.21     0.999995      7494537    187245.71
      397.31     0.999995      7494541    201649.23
      409.60     0.999995      7494544    218453.33
      411.65     0.999996      7494549    238312.73
      411.65     0.999996      7494549    262144.00
      413.69     0.999996      7494550    275941.05
      419.84     0.999997      7494556    291271.11
      419.84     0.999997      7494556    308404.71
      419.84     0.999997      7494556    327680.00
      419.84     0.999997      7494556    349525.33
      421.89     0.999997      7494562    374491.43
      421.89     0.999998      7494562    403298.46
      421.89     0.999998      7494562    436906.67
      421.89     0.999998      7494562    476625.45
      423.94     0.999998      7494569    524288.00
      423.94     0.999998      7494569    551882.11
      423.94     0.999998      7494569    582542.22
      423.94     0.999998      7494569    616809.41
      423.94     0.999998      7494569    655360.00
      423.94     0.999999      7494569    699050.67
      423.94     0.999999      7494569    748982.86
      423.94     0.999999      7494569    806596.92
      423.94     0.999999      7494569    873813.33
      452.61     0.999999      7494576    953250.91
      452.61     0.999999      7494576   1048576.00
      452.61     0.999999      7494576   1103764.21
      452.61     0.999999      7494576   1165084.44
      452.61     0.999999      7494576   1233618.82
      452.61     0.999999      7494576   1310720.00
      452.61     0.999999      7494576   1398101.33
      452.61     0.999999      7494576   1497965.71
      452.61     0.999999      7494576   1613193.85
      452.61     0.999999      7494576   1747626.67
      452.61     0.999999      7494576   1906501.82
      452.61     1.000000      7494576   2097152.00
      452.61     1.000000      7494576   2207528.42
      452.61     1.000000      7494576   2330168.89
      452.61     1.000000      7494576   2467237.65
      452.61     1.000000      7494576   2621440.00
      452.61     1.000000      7494576   2796202.67
      452.61     1.000000      7494576   2995931.43
      452.61     1.000000      7494576   3226387.69
      452.61     1.000000      7494576   3495253.33
      452.61     1.000000      7494576   3813003.64
      452.61     1.000000      7494576   4194304.00
      452.61     1.000000      7494576   4415056.84
      452.61     1.000000      7494576   4660337.78
      452.61     1.000000      7494576   4934475.29
      452.61     1.000000      7494576   5242880.00
      452.61     1.000000      7494576   5592405.33
      452.61     1.000000      7494576   5991862.86
      452.61     1.000000      7494576   6452775.39
      452.61     1.000000      7494576   6990506.67
      454.65     1.000000      7494577   7626007.28
      454.65     1.000000      7494577          inf
#[Mean    =       14.529, StdDeviation   =       17.464]
#[Max     =      454.655, Total count    =      7494577]
#[Buckets =           10, SubBuckets     =          256]
