       Value   Percentile   TotalCount 1/(1-Percentile)

        0.14     0.000000            1         1.00
        3.02     0.050000       353978         1.05
        4.74     0.100000       709290         1.11
        6.33     0.150000      1062441         1.18
        7.29     0.200000      1430873         1.25
        8.06     0.250000      1777648         1.33
        8.64     0.300000      2158320         1.43
        8.89     0.350000      2617070         1.54
        9.02     0.400000      2952925         1.67
        9.21     0.450000      3203564         1.82
       10.05     0.500000      3548089         2.00
       10.94     0.525000      3720406         2.11
       11.97     0.550000      3896633         2.22
       12.80     0.575000      4080069         2.35
       13.63     0.600000      4259301         2.50
       14.53     0.625000      4429490         2.67
       15.49     0.650000      4608703         2.86
       16.25     0.675000      4778711         3.08
       17.02     0.700000      5008899         3.33
       17.41     0.725000      5144611         3.64
       18.30     0.750000      5312410         4.00
       18.94     0.762500      5412612         4.21
       19.45     0.775000      5491797         4.44
       20.09     0.787500      5606526         4.71
       20.48     0.800000      5671976         5.00
       20.99     0.812500      5783907         5.33
       21.25     0.825000      5858635         5.71
       21.63     0.837500      5929302         6.15
       22.27     0.850000      6017241         6.67
       23.30     0.862500      6114171         7.27
       24.32     0.875000      6197973         8.00
       24.83     0.881250      6239379         8.42
       25.34     0.887500      6287955         8.89
       25.98     0.893750      6332665         9.41
       26.62     0.900000      6370669        10.00
       27.52     0.906250      6421821        10.67
       28.16     0.912500      6463303        11.43
       28.93     0.918750      6509027        12.31
       29.44     0.925000      6547841        13.33
       30.34     0.931250      6592479        14.55
       31.36     0.937500      6640081        16.00
       31.87     0.940625      6661411        16.84
       32.38     0.943750      6681000        17.78
       33.02     0.946875      6707212        18.82
       33.53     0.950000      6727199        20.00
       34.56     0.953125      6750872        21.33
       35.58     0.956250      6772677        22.86
       36.61     0.959375      6795218        24.62
       37.63     0.962500      6815594        26.67
       39.17     0.965625      6838147        29.09
       40.70     0.968750      6857120        32.00
       41.73     0.970313      6868300        33.68
       43.01     0.971875      6879543        35.56
       44.54     0.973437      6890635        37.65
       46.34     0.975000      6902204        40.00
       48.38     0.976562      6912409        42.67
       50.94     0.978125      6924140        45.71
       53.76     0.979688      6934672        49.23
       58.11     0.981250      6946203        53.33
       62.98     0.982812      6956950        58.18
       69.63     0.984375      6968197        64.00
       73.73     0.985156      6973954        67.37
       77.82     0.985938      6979221        71.11
       82.43     0.986719      6984839        75.29
       87.04     0.987500      6990199        80.00
       91.65     0.988281      6995637        85.33
       96.25     0.989062      7001098        91.43
      101.38     0.989844      7006825        98.46
      107.01     0.990625      7012360       106.67
      112.64     0.991406      7017658       116.36
      118.78     0.992188      7023226       128.00
      121.86     0.992578      7026006       134.74
      124.93     0.992969      7028619       142.22
      128.51     0.993359      7031485       150.59
      132.09     0.993750      7034203       160.00
      136.19     0.994141      7037311       170.67
      140.29     0.994531      7040059       182.86
      144.38     0.994922      7042766       196.92
      148.48     0.995313      7045672       213.33
      152.57     0.995703      7048010       232.73
      157.69     0.996094      7050746       256.00
      160.77     0.996289      7052216       269.47
      163.84     0.996484      7053487       284.44
      167.94     0.996680      7055080       301.18
      171.01     0.996875      7056353       320.00
      175.10     0.997070      7057865       341.33
      178.18     0.997266      7058949       365.71
      182.27     0.997461      7060484       393.85
      186.37     0.997656      7061915       426.67
      190.46     0.997852      7063108       465.45
      195.58     0.998047      7064528       512.00
      198.66     0.998145      7065299       538.95
      201.73     0.998242      7066074       568.89
      203.78     0.998340      7066556       602.35
      206.85     0.998437      7067267       640.00
      209.92     0.998535      7067942       682.67
      214.01     0.998633      7068739       731.43
      218.11     0.998730      7069452       787.69
      221.18     0.998828      7070152       853.33
      224.25     0.998926      7070845       930.91
      227.33     0.999023      7071440      1024.00
      229.38     0.999072      7071762      1077.89
      232.45     0.999121      7072219      1137.78
      234.50     0.999170      7072478      1204.71
      236.54     0.999219      7072775      1280.00
      239.62     0.999268      7073139      1365.33
      242.69     0.999316      7073560      1462.86
      244.74     0.999365      7073910      1575.38
      247.81     0.999414      7074209      1706.67
      251.90     0.999463      7074556      1861.82
      256.00     0.999512      7074873      2048.00
      259.07     0.999536      7075066      2155.79
      261.12     0.999561      7075205      2275.56
      264.19     0.999585      7075451      2409.41
      266.24     0.999609      7075546      2560.00
      270.33     0.999634      7075753      2730.67
      274.43     0.999658      7075946      2925.71
      278.53     0.999683      7076142      3150.77
      280.57     0.999707      7076240      3413.33
      284.67     0.999731      7076442      3723.64
      288.77     0.999756      7076657      4096.00
      290.81     0.999768      7076729      4311.58
      292.86     0.999780      7076788      4551.11
      294.91     0.999792      7076862      4818.82
      296.96     0.999805      7076930      5120.00
      299.01     0.999817      7077018      5461.33
      301.06     0.999829      7077117      5851.43
      303.10     0.999841      7077199      6301.54
      305.15     0.999854      7077265      6826.67
      311.30     0.999866      7077392      7447.27
      313.34     0.999878      7077449      8192.00
      315.39     0.999884      7077519      8623.16
      317.44     0.999890      7077573      9102.22
      317.44     0.999896      7077573      9637.65
      319.49     0.999902      7077616     10240.00
      323.58     0.999908      7077705     10922.67
      323.58     0.999915      7077705     11702.86
      325.63     0.999921      7077757     12603.08
      327.68     0.999927      7077800     13653.33
      329.73     0.999933      7077827     14894.55
      333.82     0.999939      7077883     16384.00
      335.87     0.999942      7077911     17246.32
      337.92     0.999945      7077933     18204.44
      339.97     0.999948      7077955     19275.29
      342.01     0.999951      7077970     20480.00
      344.06     0.999954      7078000     21845.33
      344.06     0.999957      7078000     23405.71
      348.16     0.999960      7078021     25206.15
      350.21     0.999963      7078044     27306.67
      354.30     0.999966      7078074     29789.09
      356.35     0.999969      7078105     32768.00
      356.35     0.999971      7078105     34492.63
      358.40     0.999973      7078123     36408.89
      358.40     0.999974      7078123     38550.59
      360.45     0.999976      7078155     40960.00
      360.45     0.999977      7078155     43690.67
      360.45     0.999979      7078155     46811.43
      362.50     0.999980      7078171     50412.31
      364.54     0.999982      7078178     54613.33
      366.59     0.999983      7078189     59578.18
      370.69     0.999985      7078194     65536.00
      372.74     0.999986      7078202     68985.26
      374.78     0.999986      7078211     72817.78
      374.78     0.999987      7078211     77101.18
      376.83     0.999988      7078218     81920.00
      380.93     0.999989      7078221     87381.33
      382.98     0.999989      7078228     93622.86
      385.02     0.999990      7078240    100824.62
      385.02     0.999991      7078240    109226.67
      387.07     0.999992      7078245    119156.36
      395.26     0.999992      7078248    131072.00
      407.55     0.999993      7078250    137970.53
      409.60     0.999993      7078262    145635.56
      409.60     0.999994      7078262    154202.35
      409.60     0.999994      7078262    163840.00
      409.60     0.999994      7078262    174762.67
      411.65     0.999995      7078268    187245.71
      411.65     0.999995      7078268    201649.23
      413.69     0.999995      7078280    218453.33
      413.69     0.999996      7078280    238312.73
      413.69     0.999996      7078280    262144.00
      413.69     0.999996      7078280    275941.05
      413.69     0.999997      7078280    291271.11
      413.69     0.999997      7078280    308404.71
      413.69     0.999997      7078280    327680.00
      417.79     0.999997      7078284    349525.33
      417.79     0.999997      7078284    374491.43
      417.79     0.999998      7078284    403298.46
      419.84     0.999998      7078288    436906.67
      419.84     0.999998      7078288    476625.45
      419.84     0.999998      7078288    524288.00
      421.89     0.999998      7078292    551882.11
      421.89     0.999998      7078292    582542.22
      421.89     0.999998      7078292    616809.41
      421.89     0.999998      7078292    655360.00
      421.89     0.999999      7078292    699050.67
      421.89     0.999999      7078292    748982.86
      425.98     0.999999      7078294    806596.92
      425.98     0.999999      7078294    873813.33
      425.98     0.999999      7078294    953250.91
      432.13     0.999999      7078297   1048576.00
      432.13     0.999999      7078297   1103764.21
      432.13     0.999999      7078297   1165084.44
      432.13     0.999999      7078297   1233618.82
      432.13     0.999999      7078297   1310720.00
      432.13     0.999999      7078297   1398101.33
      432.13     0.999999      7078297   1497965.71
      432.13     0.999999      7078297   1613193.85
      432.13     0.999999      7078297   1747626.67
      434.18     0.999999      7078298   1906501.82
      434.18     1.000000      7078298   2097152.00
      434.18     1.000000      7078298   2207528.42
      434.18     1.000000      7078298   2330168.89
      454.65     1.000000      7078299   2467237.65
      454.65     1.000000      7078299   2621440.00
      454.65     1.000000      7078299   2796202.67
      454.65     1.000000      7078299   2995931.43
      454.65     1.000000      7078299   3226387.69
      454.65     1.000000      7078299   3495253.33
      456.70     1.000000      7078301   3813003.64
      456.70     1.000000      7078301          inf
#[Mean    =       15.383, StdDeviation   =       18.454]
#[Max     =      456.703, Total count    =      7078301]
#[Buckets =           10, SubBuckets     =          256]
