       Value   Percentile   TotalCount 1/(1-Percentile)

        0.14     0.000000            1         1.00
        3.02     0.050000       389709         1.05
        4.74     0.100000       780381         1.11
        6.33     0.150000      1168686         1.18
        7.29     0.200000      1574161         1.25
        8.06     0.250000      1955685         1.33
        8.64     0.300000      2374156         1.43
        8.89     0.350000      2878490         1.54
        9.02     0.400000      3248071         1.67
        9.21     0.450000      3523932         1.82
       10.05     0.500000      3902791         2.00
       10.94     0.525000      4092060         2.11
       11.97     0.550000      4285984         2.22
       12.80     0.575000      4487801         2.35
       13.63     0.600000      4684584         2.50
       14.53     0.625000      4872354         2.67
       15.49     0.650000      5069613         2.86
       16.25     0.675000      5256676         3.08
       17.02     0.700000      5509827         3.33
       17.41     0.725000      5659045         3.64
       18.30     0.750000      5843601         4.00
       18.94     0.762500      5953823         4.21
       19.45     0.775000      6040743         4.44
       20.09     0.787500      6166883         4.71
       20.48     0.800000      6238812         5.00
       20.99     0.812500      6361877         5.33
       21.25     0.825000      6444037         5.71
       21.63     0.837500      6521911         6.15
       22.27     0.850000      6618690         6.67
       23.30     0.862500      6725348         7.27
       24.32     0.875000      6817700         8.00
       24.83     0.881250      6863276         8.42
       25.34     0.887500      6916839         8.89
       25.98     0.893750      6966049         9.41
       26.62     0.900000      7007854        10.00
       27.52     0.906250      7064116        10.67
       28.16     0.912500      7109682        11.43
       28.93     0.918750      7159864        12.31
       29.44     0.925000      7202561        13.33
       30.34     0.931250      7251592        14.55
       31.36     0.937500      7303925        16.00
       31.87     0.940625      7327460        16.84
       32.38     0.943750      7349081        17.78
       33.02     0.946875      7377913        18.82
       33.53     0.950000      7399866        20.00
       34.56     0.953125      7425915        21.33
       35.58     0.956250      7449904        22.86
       36.61     0.959375      7474714        24.62
       37.63     0.962500      7497070        26.67
       39.17     0.965625      7521910        29.09
       40.96     0.968750      7546343        32.00
       41.73     0.970313      7555088        33.68
       43.01     0.971875      7567462        35.56
       44.54     0.973437      7579619        37.65
       46.34     0.975000      7592404        40.00
       48.64     0.976562      7605165        42.67
       50.94     0.978125      7616552        45.71
       53.76     0.979688      7628141        49.23
       58.11     0.981250      7640827        53.33
       62.98     0.982812      7652637        58.18
       69.63     0.984375      7665000        64.00
       73.73     0.985156      7671337        67.37
       77.82     0.985938      7677157        71.11
       82.43     0.986719      7683344        75.29
       87.04     0.987500      7689253        80.00
       91.65     0.988281      7695218        85.33
       96.25     0.989062      7701286        91.43
      101.38     0.989844      7707610        98.46
      107.01     0.990625      7713674       106.67
      112.64     0.991406      7719515       116.36
      118.78     0.992188      7725647       128.00
      121.86     0.992578      7728742       134.74
      124.93     0.992969      7731630       142.22
      128.51     0.993359      7734773       150.59
      132.09     0.993750      7737775       160.00
      136.19     0.994141      7741175       170.67
      140.29     0.994531      7744204       182.86
      144.38     0.994922      7747168       196.92
      148.48     0.995313      7750343       213.33
      152.57     0.995703      7752940       232.73
      157.69     0.996094      7755960       256.00
      160.77     0.996289      7757573       269.47
      163.84     0.996484      7758985       284.44
      167.94     0.996680      7760735       301.18
      171.01     0.996875      7762136       320.00
      175.10     0.997070      7763819       341.33
      178.18     0.997266      7765013       365.71
      182.27     0.997461      7766703       393.85
      186.37     0.997656      7768257       426.67
      190.46     0.997852      7769560       465.45
      195.58     0.998047      7771121       512.00
      198.66     0.998145      7771971       538.95
      201.73     0.998242      7772800       568.89
      203.78     0.998340      7773332       602.35
      206.85     0.998437      7774119       640.00
      209.92     0.998535      7774850       682.67
      214.01     0.998633      7775736       731.43
      218.11     0.998730      7776513       787.69
      221.18     0.998828      7777270       853.33
      224.25     0.998926      7778048       930.91
      227.33     0.999023      7778697      1024.00
      229.38     0.999072      7779044      1077.89
      232.45     0.999121      7779539      1137.78
      234.50     0.999170      7779831      1204.71
      236.54     0.999219      7780157      1280.00
      239.62     0.999268      7780563      1365.33
      242.69     0.999316      7781031      1462.86
      244.74     0.999365      7781412      1575.38
      247.81     0.999414      7781748      1706.67
      251.90     0.999463      7782130      1861.82
      256.00     0.999512      7782485      2048.00
      258.05     0.999536      7782634      2155.79
      261.12     0.999561      7782852      2275.56
      264.19     0.999585      7783117      2409.41
      266.24     0.999609      7783220      2560.00
      270.33     0.999634      7783448      2730.67
      274.43     0.999658      7783658      2925.71
      276.48     0.999683      7783764      3150.77
      280.57     0.999707      7783979      3413.33
      284.67     0.999731      7784198      3723.64
      288.77     0.999756      7784428      4096.00
      288.77     0.999768      7784428      4311.58
      292.86     0.999780      7784572      4551.11
      294.91     0.999792      7784654      4818.82
      296.96     0.999805      7784725      5120.00
      299.01     0.999817      7784824      5461.33
      301.06     0.999829      7784929      5851.43
      303.10     0.999841      7785025      6301.54
      305.15     0.999854      7785097      6826.67
      309.25     0.999866      7785184      7447.27
      313.34     0.999878      7785297      8192.00
      315.39     0.999884      7785372      8623.16
      317.44     0.999890      7785429      9102.22
      317.44     0.999896      7785429      9637.65
      319.49     0.999902      7785480     10240.00
      321.54     0.999908      7785518     10922.67
      323.58     0.999915      7785580     11702.86
      325.63     0.999921      7785637     12603.08
      327.68     0.999927      7785683     13653.33
      329.73     0.999933      7785714     14894.55
      333.82     0.999939      7785771     16384.00
      335.87     0.999942      7785801     17246.32
      337.92     0.999945      7785823     18204.44
      339.97     0.999948      7785849     19275.29
      339.97     0.999951      7785849     20480.00
      344.06     0.999954      7785900     21845.33
      344.06     0.999957      7785900     23405.71
      348.16     0.999960      7785923     25206.15
      350.21     0.999963      7785950     27306.67
      352.25     0.999966      7785968     29789.09
      356.35     0.999969      7786022     32768.00
      356.35     0.999971      7786022     34492.63
      356.35     0.999973      7786022     36408.89
      358.40     0.999974      7786041     38550.59
      358.40     0.999976      7786041     40960.00
      360.45     0.999977      7786073     43690.67
      360.45     0.999979      7786073     46811.43
      362.50     0.999980      7786091     50412.31
      362.50     0.999982      7786091     54613.33
      366.59     0.999983      7786109     59578.18
      368.64     0.999985      7786112     65536.00
      372.74     0.999986      7786124     68985.26
      372.74     0.999986      7786124     72817.78
      374.78     0.999987      7786134     77101.18
      374.78     0.999988      7786134     81920.00
      376.83     0.999989      7786142     87381.33
      382.98     0.999989      7786153     93622.86
      382.98     0.999990      7786153    100824.62
      385.02     0.999991      7786165    109226.67
      385.02     0.999992      7786165    119156.36
      387.07     0.999992      7786170    131072.00
      395.26     0.999993      7786173    137970.53
      407.55     0.999993      7786176    145635.56
      409.60     0.999994      7786188    154202.35
      409.60     0.999994      7786188    163840.00
      409.60     0.999994      7786188    174762.67
      409.60     0.999995      7786188    187245.71
      411.65     0.999995      7786195    201649.23
      411.65     0.999995      7786195    218453.33
      413.69     0.999996      7786207    238312.73
      413.69     0.999996      7786207    262144.00
      413.69     0.999996      7786207    275941.05
      413.69     0.999997      7786207    291271.11
      413.69     0.999997      7786207    308404.71
      413.69     0.999997      7786207    327680.00
      413.69     0.999997      7786207    349525.33
      417.79     0.999997      7786211    374491.43
      417.79     0.999998      7786211    403298.46
      419.84     0.999998      7786216    436906.67
      419.84     0.999998      7786216    476625.45
      419.84     0.999998      7786216    524288.00
      419.84     0.999998      7786216    551882.11
      419.84     0.999998      7786216    582542.22
      421.89     0.999998      7786220    616809.41
      421.89     0.999998      7786220    655360.00
      421.89     0.999999      7786220    699050.67
      421.89     0.999999      7786220    748982.86
      421.89     0.999999      7786220    806596.92
      425.98     0.999999      7786222    873813.33
      425.98     0.999999      7786222    953250.91
      425.98     0.999999      7786222   1048576.00
      425.98     0.999999      7786222   1103764.21
      432.13     0.999999      7786225   1165084.44
      432.13     0.999999      7786225   1233618.82
      432.13     0.999999      7786225   1310720.00
      432.13     0.999999      7786225   1398101.33
      432.13     0.999999      7786225   1497965.71
      432.13     0.999999      7786225   1613193.85
      432.13     0.999999      7786225   1747626.67
      432.13     0.999999      7786225   1906501.82
      434.18     1.000000      7786226   2097152.00
      434.18     1.000000      7786226   2207528.42
      434.18     1.000000      7786226   2330168.89
      434.18     1.000000      7786226   2467237.65
      454.65     1.000000      7786227   2621440.00
      454.65     1.000000      7786227   2796202.67
      454.65     1.000000      7786227   2995931.43
      454.65     1.000000      7786227   3226387.69
      454.65     1.000000      7786227   3495253.33
      454.65     1.000000      7786227   3813003.64
      456.70     1.000000      7786229   4194304.00
      456.70     1.000000      7786229          inf
#[Mean    =       15.384, StdDeviation   =       18.449]
#[Max     =      456.703, Total count    =      7786229]
#[Buckets =           10, SubBuckets     =          256]
