       Value   Percentile   TotalCount 1/(1-Percentile)

        0.19     0.000000            1         1.00
        3.01     0.050000        35514         1.05
        4.74     0.100000        71091         1.11
        6.33     0.150000       106245         1.18
        7.26     0.200000       141648         1.25
        8.06     0.250000       178037         1.33
        8.64     0.300000       215836         1.43
        8.89     0.350000       261420         1.54
        9.02     0.400000       295146         1.67
        9.21     0.450000       320368         1.82
       10.05     0.500000       354702         2.00
       11.01     0.525000       372617         2.11
       12.03     0.550000       394064         2.22
       12.80     0.575000       407732         2.35
       13.63     0.600000       425283         2.50
       14.53     0.625000       442864         2.67
       15.49     0.650000       460910         2.86
       16.25     0.675000       477965         3.08
       17.02     0.700000       500928         3.33
       17.41     0.725000       514434         3.64
       18.30     0.750000       531191         4.00
       18.94     0.762500       541211         4.21
       19.45     0.775000       548946         4.44
       20.09     0.787500       560357         4.71
       20.48     0.800000       566836         5.00
       20.99     0.812500       577970         5.33
       21.25     0.825000       585402         5.71
       21.76     0.837500       594683         6.15
       22.40     0.850000       602842         6.67
       23.30     0.862500       611177         7.27
       24.32     0.875000       619727         8.00
       24.83     0.881250       623897         8.42
       25.34     0.887500       628884         8.89
       25.98     0.893750       633384         9.41
       26.62     0.900000       637185        10.00
       27.39     0.906250       641561        10.67
       28.16     0.912500       646379        11.43
       28.93     0.918750       650837        12.31
       29.57     0.925000       655426        13.33
       30.46     0.931250       659716        14.55
       31.36     0.937500       663844        16.00
       31.87     0.940625       666049        16.84
       32.51     0.943750       668591        17.78
       33.02     0.946875       670701        18.82
       33.53     0.950000       672667        20.00
       34.56     0.953125       675043        21.33
       35.58     0.956250       677227        22.86
       36.61     0.959375       679496        24.62
       37.63     0.962500       681476        26.67
       39.17     0.965625       683763        29.09
       40.96     0.968750       686003        32.00
       41.98     0.970313       687021        33.68
       43.26     0.971875       688104        35.56
       44.80     0.973437       689189        37.65
       46.59     0.975000       690376        40.00
       48.64     0.976562       691373        42.67
       51.20     0.978125       692495        45.71
       54.02     0.979688       693566        49.23
       58.37     0.981250       694693        53.33
       63.49     0.982812       695805        58.18
       70.14     0.984375       696891        64.00
       74.24     0.985156       697456        67.37
       78.33     0.985938       698010        71.11
       82.94     0.986719       698572        75.29
       87.55     0.987500       699102        80.00
       92.16     0.988281       699647        85.33
       96.25     0.989062       700188        91.43
      101.38     0.989844       700785        98.46
      107.01     0.990625       701314       106.67
      112.64     0.991406       701857       116.36
      118.78     0.992188       702421       128.00
      121.34     0.992578       702677       134.74
      124.42     0.992969       702976       142.22
      128.00     0.993359       703246       150.59
      131.07     0.993750       703508       160.00
      135.17     0.994141       703793       170.67
      139.26     0.994531       704075       182.86
      143.36     0.994922       704342       196.92
      148.48     0.995313       704671       213.33
      152.57     0.995703       704930       232.73
      157.69     0.996094       705214       256.00
      159.74     0.996289       705307       269.47
      162.81     0.996484       705442       284.44
      166.91     0.996680       705625       301.18
      169.98     0.996875       705730       320.00
      173.06     0.997070       705882       341.33
      176.13     0.997266       705997       365.71
      180.22     0.997461       706139       393.85
      184.32     0.997656       706280       426.67
      189.44     0.997852       706428       465.45
      194.56     0.998047       706573       512.00
      196.61     0.998145       706620       538.95
      199.68     0.998242       706693       568.89
      203.78     0.998340       706776       602.35
      205.82     0.998437       706828       640.00
      209.92     0.998535       706908       682.67
      212.99     0.998633       706979       731.43
      216.06     0.998730       707030       787.69
      220.16     0.998828       707101       853.33
      223.23     0.998926       707182       930.91
      226.30     0.999023       707239      1024.00
      229.38     0.999072       707282      1077.89
      232.45     0.999121       707320      1137.78
      234.50     0.999170       707353      1204.71
      236.54     0.999219       707382      1280.00
      238.59     0.999268       707413      1365.33
      241.66     0.999316       707455      1462.86
      243.71     0.999365       707487      1575.38
      245.76     0.999414       707515      1706.67
      248.83     0.999463       707551      1861.82
      252.93     0.999512       707584      2048.00
      254.97     0.999536       707600      2155.79
      257.02     0.999561       707621      2275.56
      260.10     0.999585       707638      2409.41
      262.14     0.999609       707657      2560.00
      266.24     0.999634       707674      2730.67
      270.33     0.999658       707695      2925.71
      272.38     0.999683       707704      3150.77
      278.53     0.999707       707730      3413.33
      280.57     0.999731       707739      3723.64
      284.67     0.999756       707756      4096.00
      288.77     0.999768       707771      4311.58
      290.81     0.999780       707778      4551.11
      292.86     0.999792       707784      4818.82
      294.91     0.999805       707792      5120.00
      299.01     0.999817       707806      5461.33
      301.06     0.999829       707812      5851.43
      303.10     0.999841       707826      6301.54
      303.10     0.999854       707826      6826.67
      307.20     0.999866       707835      7447.27
      311.30     0.999878       707842      8192.00
      313.34     0.999884       707848      8623.16
      315.39     0.999890       707853      9102.22
      317.44     0.999896       707856      9637.65
      319.49     0.999902       707864     10240.00
      319.49     0.999908       707864     10922.67
      323.58     0.999915       707875     11702.86
      323.58     0.999921       707875     12603.08
      325.63     0.999927       707880     13653.33
      327.68     0.999933       707883     14894.55
      329.73     0.999939       707887     16384.00
      329.73     0.999942       707887     17246.32
      335.87     0.999945       707890     18204.44
      339.97     0.999948       707894     19275.29
      339.97     0.999951       707894     20480.00
      342.01     0.999954       707896     21845.33
      344.06     0.999957       707900     23405.71
      344.06     0.999960       707900     25206.15
      350.21     0.999963       707906     27306.67
      350.21     0.999966       707906     29789.09
      352.25     0.999969       707908     32768.00
      352.25     0.999971       707908     34492.63
      354.30     0.999973       707913     36408.89
      354.30     0.999974       707913     38550.59
      354.30     0.999976       707913     40960.00
      354.30     0.999977       707913     43690.67
      354.30     0.999979       707913     46811.43
      356.35     0.999980       707917     50412.31
      356.35     0.999982       707917     54613.33
      356.35     0.999983       707917     59578.18
      358.40     0.999985       707918     65536.00
      358.40     0.999986       707918     68985.26
      362.50     0.999986       707920     72817.78
      362.50     0.999987       707920     77101.18
      362.50     0.999988       707920     81920.00
      362.50     0.999989       707920     87381.33
      368.64     0.999989       707921     93622.86
      368.64     0.999990       707921    100824.62
      372.74     0.999991       707922    109226.67
      374.78     0.999992       707923    119156.36
      374.78     0.999992       707923    131072.00
      374.78     0.999993       707923    137970.53
      376.83     0.999993       707924    145635.56
      376.83     0.999994       707924    154202.35
      376.83     0.999994       707924    163840.00
      376.83     0.999994       707924    174762.67
      382.98     0.999995       707925    187245.71
      382.98     0.999995       707925    201649.23
      382.98     0.999995       707925    218453.33
      407.55     0.999996       707926    238312.73
      407.55     0.999996       707926    262144.00
      407.55     0.999996       707926    275941.05
      407.55     0.999997       707926    291271.11
      407.55     0.999997       707926    308404.71
      407.55     0.999997       707926    327680.00
      407.55     0.999997       707926    349525.33
      411.65     0.999997       707927    374491.43
      411.65     0.999998       707927    403298.46
      411.65     0.999998       707927    436906.67
      411.65     0.999998       707927    476625.45
      411.65     0.999998       707927    524288.00
      411.65     0.999998       707927    551882.11
      411.65     0.999998       707927    582542.22
      411.65     0.999998       707927    616809.41
      411.65     0.999998       707927    655360.00
      411.65     0.999999       707927    699050.67
      419.84     0.999999       707928    748982.86
      419.84     1.000000       707928          inf
#[Mean    =       15.389, StdDeviation   =       18.397]
#[Max     =      419.839, Total count    =       707928]
#[Buckets =           10, SubBuckets     =          256]
