       Value   Percentile   TotalCount 1/(1-Percentile)

        0.16     0.000000            1         1.00
        3.20     0.050000       368960         1.05
        4.89     0.100000       741158         1.11
        6.43     0.150000      1114857         1.18
        7.26     0.200000      1491276         1.25
        8.03     0.250000      1853771         1.33
        8.57     0.300000      2242303         1.43
        8.89     0.350000      2753012         1.54
        8.96     0.400000      2953315         1.67
        9.15     0.450000      3349807         1.82
        9.54     0.500000      3725102         2.00
        9.79     0.525000      3914400         2.11
       10.11     0.550000      4072570         2.22
       10.81     0.575000      4254915         2.35
       11.90     0.600000      4438271         2.50
       12.80     0.625000      4615686         2.67
       13.76     0.650000      4797139         2.86
       14.97     0.675000      4989404         3.08
       16.00     0.700000      5172734         3.33
       16.77     0.725000      5352268         3.64
       17.28     0.750000      5540983         4.00
       17.66     0.762500      5629794         4.21
       18.18     0.775000      5721143         4.44
       18.94     0.787500      5819660         4.71
       19.58     0.800000      5906299         5.00
       20.22     0.812500      6005147         5.33
       20.73     0.825000      6091016         5.71
       21.12     0.837500      6182070         6.15
       21.63     0.850000      6291329         6.67
       22.27     0.862500      6378522         7.27
       23.30     0.875000      6464431         8.00
       23.93     0.881250      6511174         8.42
       24.45     0.887500      6552654         8.89
       25.09     0.893750      6601958         9.41
       25.60     0.900000      6642084        10.00
       26.37     0.906250      6688411        10.67
       27.39     0.912500      6738947        11.43
       28.29     0.918750      6784217        12.31
       29.18     0.925000      6833970        13.33
       29.95     0.931250      6874579        14.55
       30.98     0.937500      6922210        16.00
       31.49     0.940625      6943293        16.84
       32.13     0.943750      6967856        17.78
       32.77     0.946875      6988996        18.82
       33.53     0.950000      7018542        20.00
       34.05     0.953125      7034563        21.33
       35.07     0.956250      7058747        22.86
       36.35     0.959375      7083220        24.62
       37.63     0.962500      7105845        26.67
       38.91     0.965625      7128431        29.09
       40.45     0.968750      7149377        32.00
       41.47     0.970313      7161892        33.68
       42.49     0.971875      7172826        35.56
       43.77     0.973437      7184685        37.65
       45.31     0.975000      7196505        40.00
       47.10     0.976562      7206721        42.67
       49.41     0.978125      7217942        45.71
       52.22     0.979688      7230383        49.23
       55.30     0.981250      7241016        53.33
       59.39     0.982812      7252733        58.18
       64.25     0.984375      7263908        64.00
       67.58     0.985156      7270251        67.37
       70.66     0.985938      7275444        71.11
       74.75     0.986719      7281472        75.29
       79.36     0.987500      7287391        80.00
       84.48     0.988281      7293229        85.33
       89.60     0.989062      7298573        91.43
       95.23     0.989844      7304309        98.46
      101.89     0.990625      7310429       106.67
      108.03     0.991406      7316195       116.36
      114.17     0.992188      7321887       128.00
      117.25     0.992578      7324579       134.74
      120.32     0.992969      7327335       142.22
      123.90     0.993359      7330545       150.59
      127.49     0.993750      7333437       160.00
      130.56     0.994141      7335940       170.67
      135.17     0.994531      7339558       182.86
      139.26     0.994922      7342328       196.92
      143.36     0.995313      7345088       213.33
      147.46     0.995703      7347504       232.73
      152.57     0.996094      7350369       256.00
      155.65     0.996289      7351905       269.47
      158.72     0.996484      7353286       284.44
      162.81     0.996680      7355017       301.18
      165.89     0.996875      7356232       320.00
      169.98     0.997070      7357828       341.33
      174.08     0.997266      7359156       365.71
      178.18     0.997461      7360449       393.85
      183.29     0.997656      7361959       426.67
      188.41     0.997852      7363486       465.45
      193.53     0.998047      7364892       512.00
      195.58     0.998145      7365540       538.95
      198.66     0.998242      7366313       568.89
      201.73     0.998340      7367048       602.35
      204.80     0.998437      7367650       640.00
      208.90     0.998535      7368368       682.67
      212.99     0.998633      7369266       731.43
      216.06     0.998730      7369890       787.69
      220.16     0.998828      7370659       853.33
      224.25     0.998926      7371389       930.91
      228.35     0.999023      7372014      1024.00
      230.40     0.999072      7372340      1077.89
      233.47     0.999121      7372839      1137.78
      235.52     0.999170      7373162      1204.71
      237.57     0.999219      7373522      1280.00
      239.62     0.999268      7373793      1365.33
      242.69     0.999316      7374133      1462.86
      245.76     0.999365      7374484      1575.38
      248.83     0.999414      7374851      1706.67
      252.93     0.999463      7375283      1861.82
      257.02     0.999512      7375577      2048.00
      260.10     0.999536      7375778      2155.79
      264.19     0.999561      7376000      2275.56
      266.24     0.999585      7376168      2409.41
      268.29     0.999609      7376327      2560.00
      270.33     0.999634      7376468      2730.67
      274.43     0.999658      7376755      2925.71
      276.48     0.999683      7376918      3150.77
      278.53     0.999707      7377047      3413.33
      282.62     0.999731      7377260      3723.64
      284.67     0.999756      7377361      4096.00
      288.77     0.999768      7377522      4311.58
      290.81     0.999780      7377583      4551.11
      294.91     0.999792      7377674      4818.82
      296.96     0.999805      7377725      5120.00
      299.01     0.999817      7377824      5461.33
      301.06     0.999829      7377905      5851.43
      305.15     0.999841      7378028      6301.54
      309.25     0.999854      7378138      6826.67
      311.30     0.999866      7378200      7447.27
      315.39     0.999878      7378306      8192.00
      315.39     0.999884      7378306      8623.16
      319.49     0.999890      7378400      9102.22
      319.49     0.999896      7378400      9637.65
      323.58     0.999902      7378471     10240.00
      325.63     0.999908      7378512     10922.67
      327.68     0.999915      7378539     11702.86
      329.73     0.999921      7378582     12603.08
      333.82     0.999927      7378628     13653.33
      335.87     0.999933      7378665     14894.55
      339.97     0.999939      7378715     16384.00
      342.01     0.999942      7378748     17246.32
      344.06     0.999945      7378762     18204.44
      346.11     0.999948      7378780     19275.29
      350.21     0.999951      7378820     20480.00
      352.25     0.999954      7378840     21845.33
      354.30     0.999957      7378848     23405.71
      358.40     0.999960      7378875     25206.15
      362.50     0.999963      7378908     27306.67
      364.54     0.999966      7378922     29789.09
      366.59     0.999969      7378936     32768.00
      368.64     0.999971      7378949     34492.63
      374.78     0.999973      7378959     36408.89
      376.83     0.999974      7378977     38550.59
      378.88     0.999976      7378987     40960.00
      380.93     0.999977      7378995     43690.67
      382.98     0.999979      7379006     46811.43
      385.02     0.999980      7379018     50412.31
      389.12     0.999982      7379026     54613.33
      391.17     0.999983      7379043     59578.18
      393.21     0.999985      7379049     65536.00
      395.26     0.999986      7379056     68985.26
      397.31     0.999986      7379066     72817.78
      397.31     0.999987      7379066     77101.18
      399.36     0.999988      7379071     81920.00
      405.50     0.999989      7379077     87381.33
      409.60     0.999989      7379084     93622.86
      411.65     0.999990      7379092    100824.62
      413.69     0.999991      7379099    109226.67
      413.69     0.999992      7379099    119156.36
      419.84     0.999992      7379105    131072.00
      421.89     0.999993      7379116    137970.53
      421.89     0.999993      7379116    145635.56
      421.89     0.999994      7379116    154202.35
      421.89     0.999994      7379116    163840.00
      423.94     0.999994      7379119    174762.67
      425.98     0.999995      7379124    187245.71
      425.98     0.999995      7379124    201649.23
      444.42     0.999995      7379128    218453.33
      446.46     0.999996      7379132    238312.73
      446.46     0.999996      7379132    262144.00
      456.70     0.999996      7379135    275941.05
      456.70     0.999997      7379135    291271.11
      460.80     0.999997      7379141    308404.71
      460.80     0.999997      7379141    327680.00
      460.80     0.999997      7379141    349525.33
      460.80     0.999997      7379141    374491.43
      462.85     0.999998      7379142    403298.46
      464.89     0.999998      7379145    436906.67
      464.89     0.999998      7379145    476625.45
      466.94     0.999998      7379149    524288.00
      466.94     0.999998      7379149    551882.11
      466.94     0.999998      7379149    582542.22
      466.94     0.999998      7379149    616809.41
      466.94     0.999998      7379149    655360.00
      468.99     0.999999      7379157    699050.67
      468.99     0.999999      7379157    748982.86
      468.99     0.999999      7379157    806596.92
      468.99     0.999999      7379157    873813.33
      468.99     0.999999      7379157    953250.91
      468.99     0.999999      7379157   1048576.00
      468.99     0.999999      7379157   1103764.21
      468.99     0.999999      7379157   1165084.44
      468.99     0.999999      7379157   1233618.82
      468.99     0.999999      7379157   1310720.00
      468.99     0.999999      7379157   1398101.33
      468.99     0.999999      7379157   1497965.71
      468.99     0.999999      7379157   1613193.85
      468.99     0.999999      7379157   1747626.67
      468.99     0.999999      7379157   1906501.82
      468.99     1.000000      7379157   2097152.00
      468.99     1.000000      7379157   2207528.42
      468.99     1.000000      7379157   2330168.89
      471.04     1.000000      7379158   2467237.65
      471.04     1.000000      7379158   2621440.00
      471.04     1.000000      7379158   2796202.67
      471.04     1.000000      7379158   2995931.43
      471.04     1.000000      7379158   3226387.69
      471.04     1.000000      7379158   3495253.33
      495.62     1.000000      7379160   3813003.64
      495.62     1.000000      7379160          inf
#[Mean    =       14.760, StdDeviation   =       17.976]
#[Max     =      495.615, Total count    =      7379160]
#[Buckets =           10, SubBuckets     =          256]
