       Value   Percentile   TotalCount 1/(1-Percentile)

        0.16     0.000000            1         1.00
        3.20     0.050000       406105         1.05
        4.89     0.100000       815617         1.11
        6.43     0.150000      1226646         1.18
        7.26     0.200000      1640581         1.25
        8.03     0.250000      2039378         1.33
        8.57     0.300000      2466698         1.43
        8.89     0.350000      3027978         1.54
        8.96     0.400000      3248250         1.67
        9.15     0.450000      3684476         1.82
        9.54     0.500000      4097435         2.00
        9.79     0.525000      4305643         2.11
       10.11     0.550000      4479734         2.22
       10.81     0.575000      4680412         2.35
       11.90     0.600000      4882116         2.50
       12.80     0.625000      5077357         2.67
       13.76     0.650000      5276981         2.86
       14.97     0.675000      5488557         3.08
       16.00     0.700000      5690088         3.33
       16.77     0.725000      5887608         3.64
       17.28     0.750000      6095169         4.00
       17.66     0.762500      6192945         4.21
       18.18     0.775000      6293422         4.44
       18.94     0.787500      6401733         4.71
       19.58     0.800000      6497030         5.00
       20.22     0.812500      6605672         5.33
       20.73     0.825000      6700169         5.71
       21.12     0.837500      6800224         6.15
       21.63     0.850000      6920377         6.67
       22.27     0.862500      7016253         7.27
       23.30     0.875000      7110843         8.00
       23.93     0.881250      7162238         8.42
       24.45     0.887500      7207836         8.89
       25.09     0.893750      7262127         9.41
       25.60     0.900000      7306288        10.00
       26.37     0.906250      7357156        10.67
       27.39     0.912500      7412716        11.43
       28.29     0.918750      7462486        12.31
       29.18     0.925000      7517386        13.33
       29.95     0.931250      7562066        14.55
       30.98     0.937500      7614324        16.00
       31.49     0.940625      7637581        16.84
       32.13     0.943750      7664621        17.78
       32.77     0.946875      7687907        18.82
       33.53     0.950000      7720534        20.00
       34.05     0.953125      7738199        21.33
       35.07     0.956250      7764794        22.86
       36.35     0.959375      7791754        24.62
       37.63     0.962500      7816674        26.67
       38.91     0.965625      7841538        29.09
       40.45     0.968750      7864595        32.00
       41.47     0.970313      7878390        33.68
       42.49     0.971875      7890454        35.56
       43.77     0.973437      7903387        37.65
       45.31     0.975000      7916377        40.00
       47.10     0.976562      7927573        42.67
       49.41     0.978125      7939923        45.71
       51.97     0.979688      7952370        49.23
       55.30     0.981250      7965338        53.33
       59.39     0.982812      7978219        58.18
       64.25     0.984375      7990506        64.00
       67.58     0.985156      7997440        67.37
       70.66     0.985938      8003129        71.11
       74.75     0.986719      8009787        75.29
       79.36     0.987500      8016318        80.00
       83.97     0.988281      8022106        85.33
       89.60     0.989062      8028574        91.43
       95.23     0.989844      8034915        98.46
      101.38     0.990625      8041139       106.67
      107.52     0.991406      8047501       116.36
      113.66     0.992188      8053800       128.00
      117.25     0.992578      8057271       134.74
      120.32     0.992969      8060272       142.22
      123.39     0.993359      8063272       150.59
      126.97     0.993750      8066500       160.00
      130.56     0.994141      8069693       170.67
      134.14     0.994531      8072789       182.86
      138.24     0.994922      8075987       196.92
      143.36     0.995313      8079711       213.33
      147.46     0.995703      8082378       232.73
      152.57     0.996094      8085523       256.00
      155.65     0.996289      8087195       269.47
      158.72     0.996484      8088690       284.44
      162.81     0.996680      8090591       301.18
      165.89     0.996875      8091957       320.00
      169.98     0.997070      8093703       341.33
      174.08     0.997266      8095153       365.71
      178.18     0.997461      8096565       393.85
      183.29     0.997656      8098205       426.67
      188.41     0.997852      8099882       465.45
      193.53     0.998047      8101432       512.00
      195.58     0.998145      8102138       538.95
      198.66     0.998242      8102993       568.89
      201.73     0.998340      8103805       602.35
      205.82     0.998437      8104681       640.00
      209.92     0.998535      8105494       682.67
      212.99     0.998633      8106239       731.43
      216.06     0.998730      8106929       787.69
      220.16     0.998828      8107781       853.33
      224.25     0.998926      8108590       930.91
      228.35     0.999023      8109271      1024.00
      231.42     0.999072      8109825      1077.89
      233.47     0.999121      8110188      1137.78
      235.52     0.999170      8110561      1204.71
      237.57     0.999219      8110953      1280.00
      239.62     0.999268      8111257      1365.33
      242.69     0.999316      8111647      1462.86
      245.76     0.999365      8112028      1575.38
      248.83     0.999414      8112433      1706.67
      252.93     0.999463      8112906      1861.82
      257.02     0.999512      8113235      2048.00
      260.10     0.999536      8113464      2155.79
      264.19     0.999561      8113712      2275.56
      266.24     0.999585      8113891      2409.41
      268.29     0.999609      8114067      2560.00
      270.33     0.999634      8114218      2730.67
      274.43     0.999658      8114531      2925.71
      276.48     0.999683      8114716      3150.77
      278.53     0.999707      8114862      3413.33
      282.62     0.999731      8115100      3723.64
      284.67     0.999756      8115206      4096.00
      286.72     0.999768      8115306      4311.58
      290.81     0.999780      8115452      4551.11
      292.86     0.999792      8115497      4818.82
      296.96     0.999805      8115611      5120.00
      299.01     0.999817      8115714      5461.33
      301.06     0.999829      8115799      5851.43
      305.15     0.999841      8115939      6301.54
      307.20     0.999854      8115985      6826.67
      311.30     0.999866      8116128      7447.27
      313.34     0.999878      8116185      8192.00
      315.39     0.999884      8116242      8623.16
      317.44     0.999890      8116287      9102.22
      319.49     0.999896      8116343      9637.65
      323.58     0.999902      8116421     10240.00
      325.63     0.999908      8116469     10922.67
      327.68     0.999915      8116498     11702.86
      329.73     0.999921      8116543     12603.08
      333.82     0.999927      8116592     13653.33
      335.87     0.999933      8116631     14894.55
      339.97     0.999939      8116682     16384.00
      342.01     0.999942      8116718     17246.32
      344.06     0.999945      8116734     18204.44
      346.11     0.999948      8116754     19275.29
      348.16     0.999951      8116777     20480.00
      352.25     0.999954      8116823     21845.33
      354.30     0.999957      8116832     23405.71
      358.40     0.999960      8116862     25206.15
      362.50     0.999963      8116896     27306.67
      364.54     0.999966      8116910     29789.09
      368.64     0.999969      8116937     32768.00
      370.69     0.999971      8116939     34492.63
      376.83     0.999973      8116966     36408.89
      376.83     0.999974      8116966     38550.59
      378.88     0.999976      8116979     40960.00
      382.98     0.999977      8116999     43690.67
      385.02     0.999979      8117012     46811.43
      385.02     0.999980      8117012     50412.31
      391.17     0.999982      8117042     54613.33
      391.17     0.999983      8117042     59578.18
      395.26     0.999985      8117055     65536.00
      397.31     0.999986      8117069     68985.26
      397.31     0.999986      8117069     72817.78
      397.31     0.999987      8117069     77101.18
      399.36     0.999988      8117077     81920.00
      405.50     0.999989      8117085     87381.33
      407.55     0.999989      8117087     93622.86
      411.65     0.999990      8117100    100824.62
      411.65     0.999991      8117100    109226.67
      413.69     0.999992      8117107    119156.36
      419.84     0.999992      8117114    131072.00
      421.89     0.999993      8117125    137970.53
      421.89     0.999993      8117125    145635.56
      421.89     0.999994      8117125    154202.35
      421.89     0.999994      8117125    163840.00
      423.94     0.999994      8117128    174762.67
      425.98     0.999995      8117133    187245.71
      425.98     0.999995      8117133    201649.23
      444.42     0.999995      8117138    218453.33
      446.46     0.999996      8117143    238312.73
      446.46     0.999996      8117143    262144.00
      448.51     0.999996      8117144    275941.05
      456.70     0.999997      8117146    291271.11
      460.80     0.999997      8117152    308404.71
      460.80     0.999997      8117152    327680.00
      460.80     0.999997      8117152    349525.33
      460.80     0.999997      8117152    374491.43
      462.85     0.999998      8117153    403298.46
      464.89     0.999998      8117156    436906.67
      464.89     0.999998      8117156    476625.45
      466.94     0.999998      8117160    524288.00
      466.94     0.999998      8117160    551882.11
      466.94     0.999998      8117160    582542.22
      466.94     0.999998      8117160    616809.41
      468.99     0.999998      8117170    655360.00
      468.99     0.999999      8117170    699050.67
      468.99     0.999999      8117170    748982.86
      468.99     0.999999      8117170    806596.92
      468.99     0.999999      8117170    873813.33
      468.99     0.999999      8117170    953250.91
      468.99     0.999999      8117170   1048576.00
      468.99     0.999999      8117170   1103764.21
      468.99     0.999999      8117170   1165084.44
      468.99     0.999999      8117170   1233618.82
      468.99     0.999999      8117170   1310720.00
      468.99     0.999999      8117170   1398101.33
      468.99     0.999999      8117170   1497965.71
      468.99     0.999999      8117170   1613193.85
      468.99     0.999999      8117170   1747626.67
      468.99     0.999999      8117170   1906501.82
      468.99     1.000000      8117170   2097152.00
      468.99     1.000000      8117170   2207528.42
      468.99     1.000000      8117170   2330168.89
      468.99     1.000000      8117170   2467237.65
      468.99     1.000000      8117170   2621440.00
      471.04     1.000000      8117171   2796202.67
      471.04     1.000000      8117171   2995931.43
      471.04     1.000000      8117171   3226387.69
      471.04     1.000000      8117171   3495253.33
      471.04     1.000000      8117171   3813003.64
      495.62     1.000000      8117173   4194304.00
      495.62     1.000000      8117173          inf
#[Mean    =       14.759, StdDeviation   =       17.973]
#[Max     =      495.615, Total count    =      8117173]
#[Buckets =           10, SubBuckets     =          256]
