       Value   Percentile   TotalCount 1/(1-Percentile)

        0.19     0.000000            2         1.00
        3.18     0.050000        36936         1.05
        4.89     0.100000        74459         1.11
        6.40     0.150000       110924         1.18
        7.26     0.200000       149305         1.25
        8.03     0.250000       185607         1.33
        8.57     0.300000       224395         1.43
        8.89     0.350000       274966         1.54
        9.02     0.400000       311214         1.67
        9.15     0.450000       334669         1.82
        9.54     0.500000       372333         2.00
        9.79     0.525000       391243         2.11
       10.11     0.550000       407164         2.22
       10.81     0.575000       425497         2.35
       11.90     0.600000       443845         2.50
       12.80     0.625000       461671         2.67
       13.76     0.650000       479842         2.86
       14.97     0.675000       499153         3.08
       16.00     0.700000       517354         3.33
       16.77     0.725000       535340         3.64
       17.28     0.750000       554186         4.00
       17.66     0.762500       563151         4.21
       18.18     0.775000       572279         4.44
       18.94     0.787500       582073         4.71
       19.58     0.800000       590731         5.00
       20.22     0.812500       600525         5.33
       20.73     0.825000       609153         5.71
       21.12     0.837500       618154         6.15
       21.63     0.850000       629048         6.67
       22.27     0.862500       637731         7.27
       23.30     0.875000       646412         8.00
       23.93     0.881250       651064         8.42
       24.45     0.887500       655182         8.89
       25.09     0.893750       660169         9.41
       25.73     0.900000       664943        10.00
       26.50     0.906250       669332        10.67
       27.39     0.912500       673769        11.43
       28.29     0.918750       678269        12.31
       29.18     0.925000       683416        13.33
       29.95     0.931250       687487        14.55
       30.98     0.937500       692114        16.00
       31.49     0.940625       694288        16.84
       32.13     0.943750       696765        17.78
       32.77     0.946875       698911        18.82
       33.53     0.950000       701992        20.00
       34.05     0.953125       703636        21.33
       35.07     0.956250       706047        22.86
       36.09     0.959375       708101        24.62
       37.38     0.962500       710433        26.67
       38.91     0.965625       713107        29.09
       40.45     0.968750       715218        32.00
       41.22     0.970313       716132        33.68
       42.24     0.971875       717405        35.56
       43.52     0.973437       718500        37.65
       45.05     0.975000       719689        40.00
       47.10     0.976562       720852        42.67
       49.41     0.978125       721981        45.71
       51.97     0.979688       723116        49.23
       55.04     0.981250       724239        53.33
       58.88     0.982812       725361        58.18
       63.74     0.984375       726496        64.00
       67.07     0.985156       727121        67.37
       70.66     0.985938       727685        71.11
       74.24     0.986719       728246        75.29
       78.85     0.987500       728839        80.00
       83.45     0.988281       729404        85.33
       89.60     0.989062       730001        91.43
       94.72     0.989844       730561        98.46
      100.86     0.990625       731125       106.67
      107.01     0.991406       731709       116.36
      112.64     0.992188       732275       128.00
      116.22     0.992578       732580       134.74
      119.30     0.992969       732858       142.22
      122.37     0.993359       733117       150.59
      125.95     0.993750       733408       160.00
      130.05     0.994141       733706       170.67
      134.14     0.994531       734037       182.86
      138.24     0.994922       734306       196.92
      142.34     0.995313       734561       213.33
      147.46     0.995703       734874       232.73
      152.57     0.996094       735154       256.00
      155.65     0.996289       735290       269.47
      159.74     0.996484       735450       284.44
      162.81     0.996680       735574       301.18
      165.89     0.996875       735725       320.00
      169.98     0.997070       735875       341.33
      174.08     0.997266       735997       365.71
      180.22     0.997461       736170       393.85
      185.34     0.997656       736306       426.67
      190.46     0.997852       736459       465.45
      194.56     0.998047       736572       512.00
      197.63     0.998145       736655       538.95
      200.70     0.998242       736729       568.89
      203.78     0.998340       736798       602.35
      206.85     0.998437       736866       640.00
      210.94     0.998535       736934       682.67
      215.04     0.998633       737020       731.43
      218.11     0.998730       737088       787.69
      222.21     0.998828       737160       853.33
      226.30     0.998926       737226       930.91
      230.40     0.999023       737301      1024.00
      232.45     0.999072       737331      1077.89
      234.50     0.999121       737377      1137.78
      236.54     0.999170       737417      1204.71
      238.59     0.999219       737447      1280.00
      240.64     0.999268       737480      1365.33
      242.69     0.999316       737514      1462.86
      246.78     0.999365       737552      1575.38
      248.83     0.999414       737582      1706.67
      252.93     0.999463       737623      1861.82
      256.00     0.999512       737653      2048.00
      259.07     0.999536       737676      2155.79
      261.12     0.999561       737689      2275.56
      264.19     0.999585       737712      2409.41
      268.29     0.999609       737740      2560.00
      270.33     0.999634       737750      2730.67
      272.38     0.999658       737761      2925.71
      276.48     0.999683       737798      3150.77
      276.48     0.999707       737798      3413.33
      278.53     0.999731       737815      3723.64
      282.62     0.999756       737840      4096.00
      284.67     0.999768       737845      4311.58
      286.72     0.999780       737859      4551.11
      288.77     0.999792       737866      4818.82
      290.81     0.999805       737869      5120.00
      294.91     0.999817       737879      5461.33
      299.01     0.999829       737890      5851.43
      303.10     0.999841       737897      6301.54
      305.15     0.999854       737911      6826.67
      307.20     0.999866       737916      7447.27
      309.25     0.999878       737924      8192.00
      311.30     0.999884       737928      8623.16
      313.34     0.999890       737932      9102.22
      317.44     0.999896       737938      9637.65
      319.49     0.999902       737943     10240.00
      321.54     0.999908       737946     10922.67
      323.58     0.999915       737950     11702.86
      325.63     0.999921       737957     12603.08
      327.68     0.999927       737959     13653.33
      333.82     0.999933       737964     14894.55
      342.01     0.999939       737970     16384.00
      344.06     0.999942       737972     17246.32
      346.11     0.999945       737974     18204.44
      348.16     0.999948       737978     19275.29
      348.16     0.999951       737978     20480.00
      350.21     0.999954       737981     21845.33
      352.25     0.999957       737983     23405.71
      354.30     0.999960       737984     25206.15
      358.40     0.999963       737987     27306.67
      376.83     0.999966       737989     29789.09
      378.88     0.999969       737992     32768.00
      378.88     0.999971       737992     34492.63
      382.98     0.999973       737993     36408.89
      385.02     0.999974       737994     38550.59
      387.07     0.999976       737995     40960.00
      391.17     0.999977       737999     43690.67
      391.17     0.999979       737999     46811.43
      391.17     0.999980       737999     50412.31
      397.31     0.999982       738003     54613.33
      397.31     0.999983       738003     59578.18
      397.31     0.999985       738003     65536.00
      397.31     0.999986       738003     68985.26
      397.31     0.999986       738003     72817.78
      399.36     0.999987       738006     77101.18
      399.36     0.999988       738006     81920.00
      399.36     0.999989       738006     87381.33
      399.36     0.999989       738006     93622.86
      399.36     0.999990       738006    100824.62
      405.50     0.999991       738008    109226.67
      405.50     0.999992       738008    119156.36
      405.50     0.999992       738008    131072.00
      405.50     0.999993       738008    137970.53
      405.50     0.999993       738008    145635.56
      415.74     0.999994       738009    154202.35
      415.74     0.999994       738009    163840.00
      415.74     0.999994       738009    174762.67
      444.42     0.999995       738010    187245.71
      444.42     0.999995       738010    201649.23
      444.42     0.999995       738010    218453.33
      444.42     0.999996       738010    238312.73
      446.46     0.999996       738011    262144.00
      446.46     0.999996       738011    275941.05
      446.46     0.999997       738011    291271.11
      446.46     0.999997       738011    308404.71
      446.46     0.999997       738011    327680.00
      446.46     0.999997       738011    349525.33
      468.99     0.999997       738013    374491.43
      468.99     1.000000       738013          inf
#[Mean    =       14.750, StdDeviation   =       17.946]
#[Max     =      468.991, Total count    =       738013]
#[Buckets =           10, SubBuckets     =          256]
