       Value   Percentile   TotalCount 1/(1-Percentile)

        0.17     0.000000            1         1.00
        2.88     0.050000       403945         1.05
        4.58     0.100000       813643         1.11
        5.73     0.150000      1208976         1.18
        6.82     0.200000      1624530         1.25
        7.42     0.250000      2027614         1.33
        8.13     0.300000      2426140         1.43
        8.51     0.350000      2854260         1.54
        8.77     0.400000      3267768         1.67
        9.02     0.450000      3731050         1.82
        9.21     0.500000      4093281         2.00
        9.41     0.525000      4255038         2.11
        9.79     0.550000      4437439         2.22
       10.30     0.575000      4634911         2.35
       11.01     0.600000      4828244         2.50
       11.97     0.625000      5034470         2.67
       12.67     0.650000      5229109         2.86
       13.57     0.675000      5440547         3.08
       14.59     0.700000      5633695         3.33
       15.62     0.725000      5841326         3.64
       16.38     0.750000      6032655         4.00
       16.77     0.762500      6162290         4.21
       17.02     0.775000      6244947         4.44
       17.28     0.787500      6346283         4.71
       17.79     0.800000      6449211         5.00
       18.43     0.812500      6551049         5.33
       19.07     0.825000      6647374         5.71
       19.71     0.837500      6735706         6.15
       20.35     0.850000      6845983         6.67
       20.86     0.862500      6937172         7.27
       21.38     0.875000      7049182         8.00
       21.76     0.881250      7103013         8.42
       22.02     0.887500      7138775         8.89
       22.66     0.893750      7199060         9.41
       23.17     0.900000      7241257        10.00
       23.81     0.906250      7288052        10.67
       24.57     0.912500      7343611        11.43
       25.21     0.918750      7391211        12.31
       25.98     0.925000      7439326        13.33
       27.01     0.931250      7494996        14.55
       28.03     0.937500      7544872        16.00
       28.54     0.940625      7568956        16.84
       29.05     0.943750      7593905        17.78
       29.57     0.946875      7620615        18.82
       30.08     0.950000      7641616        20.00
       30.72     0.953125      7665902        21.33
       31.36     0.956250      7689600        22.86
       32.26     0.959375      7716677        24.62
       33.28     0.962500      7745549        26.67
       34.30     0.965625      7767324        29.09
       35.84     0.968750      7791147        32.00
       36.86     0.970313      7805143        33.68
       37.89     0.971875      7817982        35.56
       38.91     0.973437      7829355        37.65
       40.19     0.975000      7840929        40.00
       41.73     0.976562      7853230        42.67
       43.77     0.978125      7866794        45.71
       45.82     0.979688      7878144        49.23
       48.90     0.981250      7891439        53.33
       52.48     0.982812      7903963        58.18
       56.32     0.984375      7915841        64.00
       58.62     0.985156      7922112        67.37
       61.18     0.985938      7928454        71.11
       64.00     0.986719      7934754        75.29
       67.58     0.987500      7941472        80.00
       71.17     0.988281      7947930        85.33
       74.75     0.989062      7953453        91.43
       79.36     0.989844      7959772        98.46
       84.99     0.990625      7966181       106.67
       90.62     0.991406      7972311       116.36
       96.77     0.992188      7978816       128.00
       99.84     0.992578      7981788       134.74
      103.42     0.992969      7985166       142.22
      106.50     0.993359      7988159       150.59
      110.08     0.993750      7991447       160.00
      113.66     0.994141      7994419       170.67
      117.25     0.994531      7997494       182.86
      121.34     0.994922      8000855       196.92
      125.44     0.995313      8004016       213.33
      129.53     0.995703      8006978       232.73
      134.14     0.996094      8010127       256.00
      137.22     0.996289      8012170       269.47
      139.26     0.996484      8013510       284.44
      142.34     0.996680      8015183       301.18
      145.41     0.996875      8016774       320.00
      147.46     0.997070      8017852       341.33
      150.53     0.997266      8019646       365.71
      153.60     0.997461      8021199       393.85
      156.67     0.997656      8022656       426.67
      160.77     0.997852      8024213       465.45
      164.86     0.998047      8025712       512.00
      166.91     0.998145      8026480       538.95
      169.98     0.998242      8027418       568.89
      173.06     0.998340      8028225       602.35
      175.10     0.998437      8028871       640.00
      178.18     0.998535      8029746       682.67
      181.25     0.998633      8030583       731.43
      184.32     0.998730      8031309       787.69
      187.39     0.998828      8031984       853.33
      191.49     0.998926      8032758       930.91
      196.61     0.999023      8033628      1024.00
      198.66     0.999072      8034036      1077.89
      200.70     0.999121      8034459      1137.78
      202.75     0.999170      8034810      1204.71
      204.80     0.999219      8035166      1280.00
      207.87     0.999268      8035581      1365.33
      210.94     0.999316      8035908      1462.86
      214.01     0.999365      8036269      1575.38
      217.09     0.999414      8036691      1706.67
      220.16     0.999463      8037088      1861.82
      224.25     0.999512      8037503      2048.00
      226.30     0.999536      8037699      2155.79
      228.35     0.999561      8037922      2275.56
      230.40     0.999585      8038126      2409.41
      231.42     0.999609      8038239      2560.00
      233.47     0.999634      8038485      2730.67
      235.52     0.999658      8038695      2925.71
      237.57     0.999683      8038865      3150.77
      240.64     0.999707      8039045      3413.33
      243.71     0.999731      8039211      3723.64
      248.83     0.999756      8039424      4096.00
      250.88     0.999768      8039538      4311.58
      252.93     0.999780      8039630      4551.11
      254.97     0.999792      8039734      4818.82
      257.02     0.999805      8039849      5120.00
      258.05     0.999817      8039906      5461.33
      260.10     0.999829      8040014      5851.43
      264.19     0.999841      8040154      6301.54
      266.24     0.999854      8040217      6826.67
      270.33     0.999866      8040344      7447.27
      272.38     0.999878      8040392      8192.00
      274.43     0.999884      8040455      8623.16
      276.48     0.999890      8040487      9102.22
      278.53     0.999896      8040547      9637.65
      280.57     0.999902      8040592     10240.00
      282.62     0.999908      8040641     10922.67
      286.72     0.999915      8040700     11702.86
      288.77     0.999921      8040737     12603.08
      292.86     0.999927      8040782     13653.33
      296.96     0.999933      8040855     14894.55
      299.01     0.999939      8040893     16384.00
      301.06     0.999942      8040921     17246.32
      303.10     0.999945      8040956     18204.44
      303.10     0.999948      8040956     19275.29
      305.15     0.999951      8041002     20480.00
      305.15     0.999954      8041002     21845.33
      307.20     0.999957      8041027     23405.71
      313.34     0.999960      8041059     25206.15
      317.44     0.999963      8041083     27306.67
      319.49     0.999966      8041107     29789.09
      321.54     0.999969      8041147     32768.00
      321.54     0.999971      8041147     34492.63
      323.58     0.999973      8041191     36408.89
      323.58     0.999974      8041191     38550.59
      323.58     0.999976      8041191     40960.00
      323.58     0.999977      8041191     43690.67
      325.63     0.999979      8041219     46811.43
      325.63     0.999980      8041219     50412.31
      327.68     0.999982      8041226     54613.33
      329.73     0.999983      8041236     59578.18
      335.87     0.999985      8041247     65536.00
      339.97     0.999986      8041258     68985.26
      350.21     0.999986      8041263     72817.78
      352.25     0.999987      8041268     77101.18
      354.30     0.999988      8041274     81920.00
      356.35     0.999989      8041284     87381.33
      356.35     0.999989      8041284     93622.86
      358.40     0.999990      8041294    100824.62
      360.45     0.999991      8041301    109226.67
      362.50     0.999992      8041305    119156.36
      366.59     0.999992      8041312    131072.00
      366.59     0.999993      8041312    137970.53
      368.64     0.999993      8041319    145635.56
      368.64     0.999994      8041319    154202.35
      370.69     0.999994      8041320    163840.00
      374.78     0.999994      8041323    174762.67
      382.98     0.999995      8041327    187245.71
      401.41     0.999995      8041334    201649.23
      401.41     0.999995      8041334    218453.33
      403.45     0.999996      8041340    238312.73
      403.45     0.999996      8041340    262144.00
      403.45     0.999996      8041340    275941.05
      405.50     0.999997      8041344    291271.11
      405.50     0.999997      8041344    308404.71
      417.79     0.999997      8041349    327680.00
      417.79     0.999997      8041349    349525.33
      417.79     0.999997      8041349    374491.43
      423.94     0.999998      8041354    403298.46
      423.94     0.999998      8041354    436906.67
      423.94     0.999998      8041354    476625.45
      423.94     0.999998      8041354    524288.00
      425.98     0.999998      8041355    551882.11
      428.03     0.999998      8041357    582542.22
      428.03     0.999998      8041357    616809.41
      428.03     0.999998      8041357    655360.00
      430.08     0.999999      8041358    699050.67
      456.70     0.999999      8041359    748982.86
      458.75     0.999999      8041365    806596.92
      458.75     0.999999      8041365    873813.33
      458.75     0.999999      8041365    953250.91
      458.75     0.999999      8041365   1048576.00
      458.75     0.999999      8041365   1103764.21
      458.75     0.999999      8041365   1165084.44
      458.75     0.999999      8041365   1233618.82
      458.75     0.999999      8041365   1310720.00
      458.75     0.999999      8041365   1398101.33
      458.75     0.999999      8041365   1497965.71
      458.75     0.999999      8041365   1613193.85
      458.75     0.999999      8041365   1747626.67
      458.75     0.999999      8041365   1906501.82
      460.80     1.000000      8041367   2097152.00
      460.80     1.000000      8041367   2207528.42
      460.80     1.000000      8041367   2330168.89
      460.80     1.000000      8041367   2467237.65
      460.80     1.000000      8041367   2621440.00
      460.80     1.000000      8041367   2796202.67
      460.80     1.000000      8041367   2995931.43
      460.80     1.000000      8041367   3226387.69
      460.80     1.000000      8041367   3495253.33
      460.80     1.000000      8041367   3813003.64
      479.23     1.000000      8041369   4194304.00
      479.23     1.000000      8041369          inf
#[Mean    =       13.543, StdDeviation   =       15.518]
#[Max     =      479.231, Total count    =      8041369]
#[Buckets =           10, SubBuckets     =          256]
