       Value   Percentile   TotalCount 1/(1-Percentile)

        0.21     0.000000            1         1.00
        2.88     0.050000        40458         1.05
        4.54     0.100000        80430         1.11
        5.73     0.150000       121150         1.18
        6.82     0.200000       162660         1.25
        7.39     0.250000       201071         1.33
        8.13     0.300000       242679         1.43
        8.51     0.350000       285496         1.54
        8.77     0.400000       326840         1.67
        9.02     0.450000       372930         1.82
        9.21     0.500000       409431         2.00
        9.41     0.525000       425572         2.11
        9.79     0.550000       444128         2.22
       10.24     0.575000       462527         2.35
       11.01     0.600000       483420         2.50
       11.97     0.625000       503887         2.67
       12.67     0.650000       523552         2.86
       13.50     0.675000       543049         3.08
       14.59     0.700000       563718         3.33
       15.55     0.725000       583167         3.64
       16.38     0.750000       603374         4.00
       16.77     0.762500       616375         4.21
       17.02     0.775000       624822         4.44
       17.28     0.787500       635035         4.71
       17.79     0.800000       645331         5.00
       18.30     0.812500       653549         5.33
       19.07     0.825000       664879         5.71
       19.84     0.837500       675323         6.15
       20.35     0.850000       684320         6.67
       20.99     0.862500       695965         7.27
       21.38     0.875000       704728         8.00
       21.76     0.881250       710113         8.42
       22.14     0.887500       715197         8.89
       22.66     0.893750       719656         9.41
       23.17     0.900000       723964        10.00
       23.93     0.906250       729439        10.67
       24.57     0.912500       734121        11.43
       25.34     0.918750       739852        12.31
       26.11     0.925000       744590        13.33
       27.01     0.931250       749378        14.55
       28.03     0.937500       754472        16.00
       28.54     0.940625       756945        16.84
       29.05     0.943750       759384        17.78
       29.57     0.946875       762184        18.82
       30.08     0.950000       764280        20.00
       30.72     0.953125       766682        21.33
       31.36     0.956250       769082        22.86
       32.26     0.959375       771846        24.62
       33.02     0.962500       774133        26.67
       34.30     0.965625       777014        29.09
       35.84     0.968750       779396        32.00
       36.61     0.970313       780491        33.68
       37.63     0.971875       781743        35.56
       38.66     0.973437       782896        37.65
       40.19     0.975000       784274        40.00
       41.73     0.976562       785477        42.67
       43.52     0.978125       786713        45.71
       45.82     0.979688       787938        49.23
       48.90     0.981250       789254        53.33
       52.48     0.982812       790466        58.18
       56.83     0.984375       791736        64.00
       59.13     0.985156       792363        67.37
       61.70     0.985938       792967        71.11
       64.51     0.986719       793580        75.29
       68.09     0.987500       794231        80.00
       71.68     0.988281       794852        85.33
       76.29     0.989062       795483        91.43
       80.89     0.989844       796097        98.46
       86.53     0.990625       796743       106.67
       92.16     0.991406       797350       116.36
       97.79     0.992188       797980       128.00
      101.38     0.992578       798309       134.74
      104.45     0.992969       798621       142.22
      107.52     0.993359       798919       150.59
      111.10     0.993750       799248       160.00
      115.20     0.994141       799572       170.67
      118.27     0.994531       799846       182.86
      122.37     0.994922       800191       196.92
      126.46     0.995313       800510       213.33
      130.56     0.995703       800803       232.73
      136.19     0.996094       801177       256.00
      138.24     0.996289       801298       269.47
      141.31     0.996484       801471       284.44
      143.36     0.996680       801578       301.18
      146.43     0.996875       801747       320.00
      149.50     0.997070       801931       341.33
      151.55     0.997266       802069       365.71
      154.62     0.997461       802217       393.85
      157.69     0.997656       802380       426.67
      161.79     0.997852       802556       465.45
      165.89     0.998047       802695       512.00
      167.94     0.998145       802770       538.95
      171.01     0.998242       802867       568.89
      173.06     0.998340       802931       602.35
      176.13     0.998437       803009       640.00
      178.18     0.998535       803068       682.67
      181.25     0.998633       803150       731.43
      185.34     0.998730       803245       787.69
      188.41     0.998828       803306       853.33
      192.51     0.998926       803386       930.91
      197.63     0.999023       803475      1024.00
      199.68     0.999072       803525      1077.89
      200.70     0.999121       803548      1137.78
      203.78     0.999170       803596      1204.71
      204.80     0.999219       803618      1280.00
      206.85     0.999268       803656      1365.33
      210.94     0.999316       803707      1462.86
      212.99     0.999365       803737      1575.38
      216.06     0.999414       803778      1706.67
      220.16     0.999463       803821      1861.82
      223.23     0.999512       803857      2048.00
      225.28     0.999536       803872      2155.79
      227.33     0.999561       803892      2275.56
      229.38     0.999585       803912      2409.41
      231.42     0.999609       803938      2560.00
      233.47     0.999634       803959      2730.67
      235.52     0.999658       803974      2925.71
      237.57     0.999683       803990      3150.77
      240.64     0.999707       804011      3413.33
      243.71     0.999731       804029      3723.64
      250.88     0.999756       804054      4096.00
      251.90     0.999768       804061      4311.58
      253.95     0.999780       804074      4551.11
      256.00     0.999792       804081      4818.82
      257.02     0.999805       804088      5120.00
      259.07     0.999817       804100      5461.33
      262.14     0.999829       804109      5851.43
      266.24     0.999841       804117      6301.54
      270.33     0.999854       804130      6826.67
      272.38     0.999866       804137      7447.27
      274.43     0.999878       804146      8192.00
      276.48     0.999884       804153      8623.16
      278.53     0.999890       804159      9102.22
      280.57     0.999896       804165      9637.65
      282.62     0.999902       804168     10240.00
      286.72     0.999908       804172     10922.67
      290.81     0.999915       804177     11702.86
      294.91     0.999921       804188     12603.08
      294.91     0.999927       804188     13653.33
      296.96     0.999933       804192     14894.55
      299.01     0.999939       804197     16384.00
      301.06     0.999942       804202     17246.32
      301.06     0.999945       804202     18204.44
      303.10     0.999948       804206     19275.29
      303.10     0.999951       804206     20480.00
      305.15     0.999954       804210     21845.33
      305.15     0.999957       804210     23405.71
      309.25     0.999960       804213     25206.15
      313.34     0.999963       804217     27306.67
      317.44     0.999966       804218     29789.09
      319.49     0.999969       804220     32768.00
      323.58     0.999971       804223     34492.63
      323.58     0.999973       804223     36408.89
      325.63     0.999974       804227     38550.59
      325.63     0.999976       804227     40960.00
      325.63     0.999977       804227     43690.67
      325.63     0.999979       804227     46811.43
      329.73     0.999980       804229     50412.31
      331.77     0.999982       804230     54613.33
      333.82     0.999983       804231     59578.18
      352.25     0.999985       804232     65536.00
      354.30     0.999986       804235     68985.26
      354.30     0.999986       804235     72817.78
      354.30     0.999987       804235     77101.18
      354.30     0.999988       804235     81920.00
      354.30     0.999989       804235     87381.33
      358.40     0.999989       804236     93622.86
      366.59     0.999990       804237    100824.62
      366.59     0.999991       804237    109226.67
      372.74     0.999992       804238    119156.36
      372.74     0.999992       804238    131072.00
      382.98     0.999993       804239    137970.53
      382.98     0.999993       804239    145635.56
      382.98     0.999994       804239    154202.35
      417.79     0.999994       804241    163840.00
      417.79     0.999994       804241    174762.67
      417.79     0.999995       804241    187245.71
      417.79     0.999995       804241    201649.23
      417.79     0.999995       804241    218453.33
      417.79     0.999996       804241    238312.73
      417.79     0.999996       804241    262144.00
      423.94     0.999996       804242    275941.05
      423.94     0.999997       804242    291271.11
      423.94     0.999997       804242    308404.71
      423.94     0.999997       804242    327680.00
      423.94     0.999997       804242    349525.33
      423.94     0.999997       804242    374491.43
      428.03     0.999998       804243    403298.46
      428.03     0.999998       804243    436906.67
      428.03     0.999998       804243    476625.45
      428.03     0.999998       804243    524288.00
      428.03     0.999998       804243    551882.11
      428.03     0.999998       804243    582542.22
      428.03     0.999998       804243    616809.41
      428.03     0.999998       804243    655360.00
      428.03     0.999999       804243    699050.67
      428.03     0.999999       804243    748982.86
      460.80     0.999999       804244    806596.92
      460.80     1.000000       804244          inf
#[Mean    =       13.555, StdDeviation   =       15.609]
#[Max     =      460.799, Total count    =       804244]
#[Buckets =           10, SubBuckets     =          256]
