       Value   Percentile   TotalCount 1/(1-Percentile)

        0.17     0.000000            1         1.00
        2.88     0.050000       444403         1.05
        4.58     0.100000       895129         1.11
        5.73     0.150000      1330126         1.18
        6.82     0.200000      1787190         1.25
        7.42     0.250000      2230642         1.33
        8.13     0.300000      2668819         1.43
        8.51     0.350000      3139756         1.54
        8.77     0.400000      3594608         1.67
        9.02     0.450000      4103980         1.82
        9.21     0.500000      4502712         2.00
        9.41     0.525000      4680610         2.11
        9.79     0.550000      4881567         2.22
       10.30     0.575000      5099054         2.35
       11.01     0.600000      5311664         2.50
       11.97     0.625000      5538357         2.67
       12.67     0.650000      5752661         2.86
       13.57     0.675000      5984845         3.08
       14.59     0.700000      6197413         3.33
       15.62     0.725000      6425772         3.64
       16.38     0.750000      6636029         4.00
       16.77     0.762500      6778665         4.21
       17.02     0.775000      6869769         4.44
       17.28     0.787500      6981318         4.71
       17.79     0.800000      7094542         5.00
       18.43     0.812500      7206539         5.33
       19.07     0.825000      7312253         5.71
       19.71     0.837500      7409124         6.15
       20.35     0.850000      7530303         6.67
       20.86     0.862500      7630652         7.27
       21.38     0.875000      7753910         8.00
       21.76     0.881250      7813126         8.42
       22.02     0.887500      7852507         8.89
       22.66     0.893750      7918716         9.41
       23.17     0.900000      7965221        10.00
       23.81     0.906250      8016652        10.67
       24.57     0.912500      8077732        11.43
       25.21     0.918750      8130056        12.31
       25.98     0.925000      8183040        13.33
       27.01     0.931250      8244374        14.55
       28.03     0.937500      8299344        16.00
       28.54     0.940625      8325901        16.84
       29.05     0.943750      8353289        17.78
       29.57     0.946875      8382799        18.82
       30.08     0.950000      8405896        20.00
       30.72     0.953125      8432584        21.33
       31.36     0.956250      8458682        22.86
       32.26     0.959375      8488523        24.62
       33.28     0.962500      8520384        26.67
       34.30     0.965625      8544338        29.09
       35.84     0.968750      8570543        32.00
       36.86     0.970313      8585939        33.68
       37.63     0.971875      8596942        35.56
       38.91     0.973437      8612484        37.65
       40.19     0.975000      8625203        40.00
       41.73     0.976562      8638707        42.67
       43.77     0.978125      8653647        45.71
       45.82     0.979688      8666082        49.23
       48.90     0.981250      8680693        53.33
       52.48     0.982812      8694429        58.18
       56.32     0.984375      8707443        64.00
       58.62     0.985156      8714335        67.37
       61.18     0.985938      8721317        71.11
       64.00     0.986719      8728222        75.29
       67.58     0.987500      8735621        80.00
       71.17     0.988281      8742698        85.33
       75.26     0.989062      8749476        91.43
       79.87     0.989844      8756310        98.46
       84.99     0.990625      8762763       106.67
       91.14     0.991406      8770097       116.36
       96.77     0.992188      8776692       128.00
      100.35     0.992578      8780479       134.74
      103.42     0.992969      8783677       142.22
      106.50     0.993359      8786985       150.59
      110.08     0.993750      8790588       160.00
      113.66     0.994141      8793859       170.67
      117.25     0.994531      8797250       182.86
      121.34     0.994922      8800958       196.92
      125.44     0.995313      8804456       213.33
      129.53     0.995703      8807717       232.73
      134.14     0.996094      8811163       256.00
      137.22     0.996289      8813404       269.47
      139.26     0.996484      8814873       284.44
      142.34     0.996680      8816698       301.18
      145.41     0.996875      8818465       320.00
      148.48     0.997070      8820268       341.33
      150.53     0.997266      8821645       365.71
      153.60     0.997461      8823362       393.85
      156.67     0.997656      8824995       426.67
      160.77     0.997852      8826729       465.45
      164.86     0.998047      8828372       512.00
      166.91     0.998145      8829218       538.95
      169.98     0.998242      8830237       568.89
      173.06     0.998340      8831156       602.35
      175.10     0.998437      8831854       640.00
      178.18     0.998535      8832814       682.67
      181.25     0.998633      8833733       731.43
      184.32     0.998730      8834529       787.69
      187.39     0.998828      8835270       853.33
      191.49     0.998926      8836126       930.91
      196.61     0.999023      8837086      1024.00
      198.66     0.999072      8837531      1077.89
      200.70     0.999121      8838007      1137.78
      202.75     0.999170      8838385      1204.71
      204.80     0.999219      8838784      1280.00
      207.87     0.999268      8839248      1365.33
      210.94     0.999316      8839615      1462.86
      214.01     0.999365      8840019      1575.38
      217.09     0.999414      8840481      1706.67
      220.16     0.999463      8840909      1861.82
      224.25     0.999512      8841366      2048.00
      226.30     0.999536      8841578      2155.79
      228.35     0.999561      8841825      2275.56
      230.40     0.999585      8842048      2409.41
      231.42     0.999609      8842177      2560.00
      233.47     0.999634      8842444      2730.67
      235.52     0.999658      8842669      2925.71
      237.57     0.999683      8842855      3150.77
      240.64     0.999707      8843056      3413.33
      243.71     0.999731      8843240      3723.64
      248.83     0.999756      8843465      4096.00
      250.88     0.999768      8843592      4311.58
      252.93     0.999780      8843696      4551.11
      254.97     0.999792      8843811      4818.82
      257.02     0.999805      8843937      5120.00
      258.05     0.999817      8844002      5461.33
      260.10     0.999829      8844118      5851.43
      264.19     0.999841      8844269      6301.54
      266.24     0.999854      8844334      6826.67
      270.33     0.999866      8844474      7447.27
      274.43     0.999878      8844601      8192.00
      274.43     0.999884      8844601      8623.16
      278.53     0.999890      8844706      9102.22
      278.53     0.999896      8844706      9637.65
      280.57     0.999902      8844757     10240.00
      282.62     0.999908      8844809     10922.67
      286.72     0.999915      8844872     11702.86
      288.77     0.999921      8844912     12603.08
      294.91     0.999927      8845013     13653.33
      296.96     0.999933      8845047     14894.55
      299.01     0.999939      8845090     16384.00
      301.06     0.999942      8845123     17246.32
      303.10     0.999945      8845162     18204.44
      303.10     0.999948      8845162     19275.29
      305.15     0.999951      8845212     20480.00
      305.15     0.999954      8845212     21845.33
      307.20     0.999957      8845239     23405.71
      313.34     0.999960      8845276     25206.15
      315.39     0.999963      8845291     27306.67
      319.49     0.999966      8845327     29789.09
      321.54     0.999969      8845367     32768.00
      321.54     0.999971      8845367     34492.63
      323.58     0.999973      8845414     36408.89
      323.58     0.999974      8845414     38550.59
      323.58     0.999976      8845414     40960.00
      323.58     0.999977      8845414     43690.67
      325.63     0.999979      8845446     46811.43
      325.63     0.999980      8845446     50412.31
      327.68     0.999982      8845453     54613.33
      329.73     0.999983      8845465     59578.18
      337.92     0.999985      8845482     65536.00
      339.97     0.999986      8845489     68985.26
      350.21     0.999986      8845494     72817.78
      352.25     0.999987      8845500     77101.18
      354.30     0.999988      8845509     81920.00
      356.35     0.999989      8845519     87381.33
      356.35     0.999989      8845519     93622.86
      358.40     0.999990      8845530    100824.62
      360.45     0.999991      8845537    109226.67
      362.50     0.999992      8845541    119156.36
      366.59     0.999992      8845549    131072.00
      366.59     0.999993      8845549    137970.53
      368.64     0.999993      8845556    145635.56
      368.64     0.999994      8845556    154202.35
      372.74     0.999994      8845560    163840.00
      382.98     0.999994      8845566    174762.67
      382.98     0.999995      8845566    187245.71
      401.41     0.999995      8845573    201649.23
      401.41     0.999995      8845573    218453.33
      403.45     0.999996      8845579    238312.73
      405.50     0.999996      8845583    262144.00
      405.50     0.999996      8845583    275941.05
      405.50     0.999997      8845583    291271.11
      417.79     0.999997      8845590    308404.71
      417.79     0.999997      8845590    327680.00
      417.79     0.999997      8845590    349525.33
      417.79     0.999997      8845590    374491.43
      423.94     0.999998      8845596    403298.46
      423.94     0.999998      8845596    436906.67
      423.94     0.999998      8845596    476625.45
      425.98     0.999998      8845597    524288.00
      425.98     0.999998      8845597    551882.11
      428.03     0.999998      8845600    582542.22
      428.03     0.999998      8845600    616809.41
      428.03     0.999998      8845600    655360.00
      430.08     0.999999      8845601    699050.67
      456.70     0.999999      8845602    748982.86
      458.75     0.999999      8845608    806596.92
      458.75     0.999999      8845608    873813.33
      458.75     0.999999      8845608    953250.91
      458.75     0.999999      8845608   1048576.00
      458.75     0.999999      8845608   1103764.21
      458.75     0.999999      8845608   1165084.44
      458.75     0.999999      8845608   1233618.82
      458.75     0.999999      8845608   1310720.00
      458.75     0.999999      8845608   1398101.33
      458.75     0.999999      8845608   1497965.71
      458.75     0.999999      8845608   1613193.85
      458.75     0.999999      8845608   1747626.67
      460.80     0.999999      8845611   1906501.82
      460.80     1.000000      8845611   2097152.00
      460.80     1.000000      8845611   2207528.42
      460.80     1.000000      8845611   2330168.89
      460.80     1.000000      8845611   2467237.65
      460.80     1.000000      8845611   2621440.00
      460.80     1.000000      8845611   2796202.67
      460.80     1.000000      8845611   2995931.43
      460.80     1.000000      8845611   3226387.69
      460.80     1.000000      8845611   3495253.33
      460.80     1.000000      8845611   3813003.64
      460.80     1.000000      8845611   4194304.00
      460.80     1.000000      8845611   4415056.84
      479.23     1.000000      8845613   4660337.78
      479.23     1.000000      8845613          inf
#[Mean    =       13.544, StdDeviation   =       15.526]
#[Max     =      479.231, Total count    =      8845613]
#[Buckets =           10, SubBuckets     =          256]
