       Value   Percentile   TotalCount 1/(1-Percentile)

        0.16     0.000000            2         1.00
        3.49     0.050000       401359         1.05
        5.31     0.100000       802480         1.11
        6.94     0.150000      1209115         1.18
        7.87     0.200000      1609755         1.25
        8.45     0.250000      2045206         1.33
        8.83     0.300000      2472185         1.43
        9.02     0.350000      2956245         1.54
        9.15     0.400000      3348967         1.67
        9.34     0.450000      3623699         1.82
        9.98     0.500000      4022943         2.00
       10.56     0.525000      4213770         2.11
       11.33     0.550000      4415933         2.22
       12.22     0.575000      4616568         2.35
       13.05     0.600000      4814247         2.50
       13.89     0.625000      5022302         2.67
       14.85     0.650000      5217061         2.86
       15.81     0.675000      5418888         3.08
       16.51     0.700000      5631599         3.33
       17.02     0.725000      5836367         3.64
       17.41     0.750000      6015671         4.00
       17.92     0.762500      6127741         4.21
       18.43     0.775000      6218881         4.44
       19.07     0.787500      6315787         4.71
       19.71     0.800000      6418197         5.00
       20.35     0.812500      6536388         5.33
       20.73     0.825000      6628953         5.71
       21.12     0.837500      6725754         6.15
       21.50     0.850000      6840556         6.67
       22.02     0.862500      6927118         7.27
       22.91     0.875000      7023698         8.00
       23.55     0.881250      7072650         8.42
       24.19     0.887500      7123291         8.89
       24.83     0.893750      7172736         9.41
       25.34     0.900000      7228374        10.00
       25.86     0.906250      7268692        10.67
       26.62     0.912500      7318711        11.43
       27.65     0.918750      7371209        12.31
       28.67     0.925000      7422936        13.33
       29.44     0.931250      7474734        14.55
       30.21     0.937500      7517755        16.00
       30.85     0.940625      7546093        16.84
       31.49     0.943750      7571842        17.78
       32.00     0.946875      7592609        18.82
       32.77     0.950000      7619725        20.00
       33.53     0.953125      7649026        21.33
       34.30     0.956250      7671478        22.86
       35.33     0.959375      7693366        24.62
       36.86     0.962500      7721968        26.67
       38.14     0.965625      7745742        29.09
       39.68     0.968750      7768627        32.00
       40.70     0.970313      7781604        33.68
       41.73     0.971875      7794586        35.56
       42.75     0.973437      7806361        37.65
       44.29     0.975000      7818821        40.00
       46.08     0.976562      7830588        42.67
       48.64     0.978125      7843657        45.71
       51.20     0.979688      7856180        49.23
       54.27     0.981250      7868038        53.33
       58.37     0.982812      7880777        58.18
       62.98     0.984375      7892897        64.00
       66.05     0.985156      7900281        67.37
       68.61     0.985938      7905758        71.11
       72.19     0.986719      7911780        75.29
       76.29     0.987500      7917986        80.00
       80.38     0.988281      7924304        85.33
       84.99     0.989062      7930443        91.43
       90.11     0.989844      7936789        98.46
       95.23     0.990625      7943373       106.67
      100.35     0.991406      7949175       116.36
      106.50     0.992188      7955889       128.00
      109.06     0.992578      7958828       134.74
      112.13     0.992969      7962172       142.22
      114.69     0.993359      7965064       150.59
      117.76     0.993750      7968373       160.00
      120.83     0.994141      7971495       170.67
      123.90     0.994531      7974487       182.86
      127.49     0.994922      7977630       196.92
      131.07     0.995313      7980679       213.33
      135.17     0.995703      7983904       232.73
      140.29     0.996094      7987225       256.00
      142.34     0.996289      7988503       269.47
      145.41     0.996484      7990327       284.44
      148.48     0.996680      7991845       301.18
      151.55     0.996875      7993272       320.00
      155.65     0.997070      7995022       341.33
      158.72     0.997266      7996235       365.71
      163.84     0.997461      7997897       393.85
      168.96     0.997656      7999587       426.67
      173.06     0.997852      8000961       465.45
      179.20     0.998047      8002644       512.00
      181.25     0.998145      8003228       538.95
      184.32     0.998242      8004072       568.89
      187.39     0.998340      8004878       602.35
      190.46     0.998437      8005654       640.00
      193.53     0.998535      8006396       682.67
      197.63     0.998633      8007312       731.43
      200.70     0.998730      8008064       787.69
      203.78     0.998828      8008804       853.33
      207.87     0.998926      8009656       930.91
      210.94     0.999023      8010297      1024.00
      212.99     0.999072      8010720      1077.89
      215.04     0.999121      8011115      1137.78
      217.09     0.999170      8011487      1204.71
      219.13     0.999219      8011823      1280.00
      222.21     0.999268      8012292      1365.33
      225.28     0.999316      8012743      1462.86
      227.33     0.999365      8013028      1575.38
      230.40     0.999414      8013509      1706.67
      232.45     0.999463      8013854      1861.82
      235.52     0.999512      8014230      2048.00
      237.57     0.999536      8014460      2155.79
      238.59     0.999561      8014557      2275.56
      240.64     0.999585      8014772      2409.41
      242.69     0.999609      8014985      2560.00
      244.74     0.999634      8015233      2730.67
      245.76     0.999658      8015348      2925.71
      248.83     0.999683      8015605      3150.77
      251.90     0.999707      8015788      3413.33
      254.97     0.999731      8015987      3723.64
      258.05     0.999756      8016175      4096.00
      259.07     0.999768      8016247      4311.58
      260.10     0.999780      8016324      4551.11
      262.14     0.999792      8016468      4818.82
      264.19     0.999805      8016569      5120.00
      266.24     0.999817      8016687      5461.33
      268.29     0.999829      8016785      5851.43
      270.33     0.999841      8016851      6301.54
      272.38     0.999854      8016913      6826.67
      276.48     0.999866      8017035      7447.27
      280.57     0.999878      8017148      8192.00
      282.62     0.999884      8017199      8623.16
      284.67     0.999890      8017244      9102.22
      286.72     0.999896      8017301      9637.65
      286.72     0.999902      8017301     10240.00
      288.77     0.999908      8017347     10922.67
      290.81     0.999915      8017408     11702.86
      294.91     0.999921      8017462     12603.08
      299.01     0.999927      8017498     13653.33
      303.10     0.999933      8017560     14894.55
      305.15     0.999939      8017611     16384.00
      307.20     0.999942      8017665     17246.32
      307.20     0.999945      8017665     18204.44
      307.20     0.999948      8017665     19275.29
      309.25     0.999951      8017707     20480.00
      311.30     0.999954      8017722     21845.33
      313.34     0.999957      8017742     23405.71
      315.39     0.999960      8017775     25206.15
      317.44     0.999963      8017806     27306.67
      319.49     0.999966      8017833     29789.09
      321.54     0.999969      8017860     32768.00
      321.54     0.999971      8017860     34492.63
      321.54     0.999973      8017860     36408.89
      323.58     0.999974      8017882     38550.59
      325.63     0.999976      8017897     40960.00
      325.63     0.999977      8017897     43690.67
      331.77     0.999979      8017918     46811.43
      333.82     0.999980      8017923     50412.31
      335.87     0.999982      8017941     54613.33
      337.92     0.999983      8017954     59578.18
      339.97     0.999985      8017963     65536.00
      342.01     0.999986      8017974     68985.26
      342.01     0.999986      8017974     72817.78
      344.06     0.999987      8017983     77101.18
      344.06     0.999988      8017983     81920.00
      346.11     0.999989      8017995     87381.33
      346.11     0.999989      8017995     93622.86
      348.16     0.999990      8018016    100824.62
      348.16     0.999991      8018016    109226.67
      348.16     0.999992      8018016    119156.36
      350.21     0.999992      8018038    131072.00
      350.21     0.999993      8018038    137970.53
      350.21     0.999993      8018038    145635.56
      350.21     0.999994      8018038    154202.35
      350.21     0.999994      8018038    163840.00
      350.21     0.999994      8018038    174762.67
      350.21     0.999995      8018038    187245.71
      352.25     0.999995      8018046    201649.23
      352.25     0.999995      8018046    218453.33
      354.30     0.999996      8018051    238312.73
      354.30     0.999996      8018051    262144.00
      354.30     0.999996      8018051    275941.05
      356.35     0.999997      8018057    291271.11
      356.35     0.999997      8018057    308404.71
      356.35     0.999997      8018057    327680.00
      358.40     0.999997      8018060    349525.33
      358.40     0.999997      8018060    374491.43
      360.45     0.999998      8018063    403298.46
      360.45     0.999998      8018063    436906.67
      362.50     0.999998      8018064    476625.45
      364.54     0.999998      8018065    524288.00
      366.59     0.999998      8018067    551882.11
      366.59     0.999998      8018067    582542.22
      372.74     0.999998      8018070    616809.41
      372.74     0.999998      8018070    655360.00
      372.74     0.999999      8018070    699050.67
      372.74     0.999999      8018070    748982.86
      376.83     0.999999      8018073    806596.92
      376.83     0.999999      8018073    873813.33
      376.83     0.999999      8018073    953250.91
      376.83     0.999999      8018073   1048576.00
      376.83     0.999999      8018073   1103764.21
      378.88     0.999999      8018074   1165084.44
      378.88     0.999999      8018074   1233618.82
      378.88     0.999999      8018074   1310720.00
      380.93     0.999999      8018075   1398101.33
      380.93     0.999999      8018075   1497965.71
      382.98     0.999999      8018077   1613193.85
      382.98     0.999999      8018077   1747626.67
      382.98     0.999999      8018077   1906501.82
      382.98     1.000000      8018077   2097152.00
      382.98     1.000000      8018077   2207528.42
      382.98     1.000000      8018077   2330168.89
      382.98     1.000000      8018077   2467237.65
      382.98     1.000000      8018077   2621440.00
      399.36     1.000000      8018080   2796202.67
      399.36     1.000000      8018080          inf
#[Mean    =       14.945, StdDeviation   =       16.633]
#[Max     =      399.359, Total count    =      8018080]
#[Buckets =           10, SubBuckets     =          256]
