       Value   Percentile   TotalCount 1/(1-Percentile)

        0.17     0.000000            5         1.00
        3.69     0.050000       444364         1.05
        5.70     0.100000       885791         1.11
        7.26     0.150000      1327596         1.18
        8.06     0.200000      1780580         1.25
        8.32     0.250000      2231814         1.33
        8.38     0.300000      2670916         1.43
        8.51     0.350000      3290686         1.54
        8.70     0.400000      3679268         1.67
        8.96     0.450000      4071398         1.82
        9.09     0.500000      4465402         2.00
        9.21     0.525000      4709238         2.11
        9.34     0.550000      4871142         2.22
        9.79     0.575000      5118470         2.35
       10.18     0.600000      5314191         2.50
       10.88     0.625000      5541289         2.67
       11.97     0.650000      5753534         2.86
       12.93     0.675000      5977619         3.08
       14.02     0.700000      6197604         3.33
       15.23     0.725000      6420445         3.64
       16.32     0.750000      6644881         4.00
       16.64     0.762500      6803716         4.21
       16.89     0.775000      6907136         4.44
       17.15     0.787500      7013291         4.71
       17.41     0.800000      7102235         5.00
       17.92     0.812500      7201271         5.33
       18.69     0.825000      7320172         5.71
       19.45     0.837500      7429238         6.15
       20.09     0.850000      7533886         6.67
       20.61     0.862500      7641114         7.27
       21.12     0.875000      7770336         8.00
       21.25     0.881250      7804890         8.42
       21.50     0.887500      7861534         8.89
       21.89     0.893750      7909672         9.41
       22.53     0.900000      7974580        10.00
       23.17     0.906250      8025260        10.67
       23.93     0.912500      8076290        11.43
       24.70     0.918750      8134210        12.31
       25.34     0.925000      8188289        13.33
       26.37     0.931250      8242946        14.55
       27.77     0.937500      8299720        16.00
       28.29     0.940625      8324149        16.84
       28.93     0.943750      8353351        17.78
       29.44     0.946875      8384245        18.82
       29.95     0.950000      8409448        20.00
       30.59     0.953125      8439809        21.33
       31.23     0.956250      8465089        22.86
       32.00     0.959375      8491372        24.62
       33.02     0.962500      8523689        26.67
       33.79     0.965625      8547261        29.09
       35.07     0.968750      8574782        32.00
       36.09     0.970313      8590483        33.68
       36.86     0.971875      8601750        35.56
       37.89     0.973437      8616855        37.65
       38.91     0.975000      8629059        40.00
       40.19     0.976562      8642812        42.67
       41.73     0.978125      8657179        45.71
       43.77     0.979688      8670254        49.23
       46.34     0.981250      8684057        53.33
       49.15     0.982812      8697553        58.18
       53.25     0.984375      8711907        64.00
       55.30     0.985156      8718611        67.37
       57.60     0.985938      8725454        71.11
       60.16     0.986719      8731990        75.29
       62.98     0.987500      8739030        80.00
       66.56     0.988281      8746352        85.33
       70.66     0.989062      8752777        91.43
       75.78     0.989844      8759869        98.46
       81.41     0.990625      8767015       106.67
       86.53     0.991406      8773490       116.36
       93.18     0.992188      8780819       128.00
       96.25     0.992578      8783968       134.74
       99.84     0.992969      8787489       142.22
      103.42     0.993359      8790872       150.59
      107.01     0.993750      8794313       160.00
      110.59     0.994141      8797690       170.67
      114.17     0.994531      8801111       182.86
      118.27     0.994922      8804950       196.92
      121.86     0.995313      8808094       213.33
      126.46     0.995703      8811806       232.73
      130.56     0.996094      8814939       256.00
      133.12     0.996289      8816702       269.47
      136.19     0.996484      8818811       284.44
      139.26     0.996680      8820605       301.18
      142.34     0.996875      8822239       320.00
      145.41     0.997070      8823816       341.33
      148.48     0.997266      8825352       365.71
      152.57     0.997461      8827373       393.85
      156.67     0.997656      8829118       426.67
      160.77     0.997852      8830777       465.45
      164.86     0.998047      8832439       512.00
      166.91     0.998145      8833158       538.95
      169.98     0.998242      8834182       568.89
      172.03     0.998340      8834830       602.35
      176.13     0.998437      8835905       640.00
      179.20     0.998535      8836624       682.67
      183.29     0.998633      8837573       731.43
      186.37     0.998730      8838300       787.69
      190.46     0.998828      8839259       853.33
      194.56     0.998926      8840160       930.91
      198.66     0.999023      8840962      1024.00
      200.70     0.999072      8841402      1077.89
      202.75     0.999121      8841798      1137.78
      204.80     0.999170      8842228      1204.71
      206.85     0.999219      8842628      1280.00
      209.92     0.999268      8843095      1365.33
      212.99     0.999316      8843597      1462.86
      215.04     0.999365      8843921      1575.38
      218.11     0.999414      8844351      1706.67
      221.18     0.999463      8844763      1861.82
      225.28     0.999512      8845278      2048.00
      227.33     0.999536      8845465      2155.79
      229.38     0.999561      8845664      2275.56
      231.42     0.999585      8845886      2409.41
      233.47     0.999609      8846145      2560.00
      235.52     0.999634      8846337      2730.67
      237.57     0.999658      8846514      2925.71
      240.64     0.999683      8846737      3150.77
      242.69     0.999707      8846918      3413.33
      245.76     0.999731      8847171      3723.64
      248.83     0.999756      8847389      4096.00
      249.85     0.999768      8847465      4311.58
      251.90     0.999780      8847593      4551.11
      253.95     0.999792      8847691      4818.82
      256.00     0.999805      8847794      5120.00
      258.05     0.999817      8847890      5461.33
      260.10     0.999829      8847982      5851.43
      264.19     0.999841      8848158      6301.54
      266.24     0.999854      8848221      6826.67
      270.33     0.999866      8848306      7447.27
      276.48     0.999878      8848438      8192.00
      278.53     0.999884      8848518      8623.16
      280.57     0.999890      8848571      9102.22
      282.62     0.999896      8848604      9637.65
      284.67     0.999902      8848646     10240.00
      288.77     0.999908      8848695     10922.67
      290.81     0.999915      8848741     11702.86
      294.91     0.999921      8848809     12603.08
      299.01     0.999927      8848877     13653.33
      301.06     0.999933      8848926     14894.55
      303.10     0.999939      8848954     16384.00
      307.20     0.999942      8848996     17246.32
      309.25     0.999945      8849010     18204.44
      311.30     0.999948      8849037     19275.29
      313.34     0.999951      8849061     20480.00
      317.44     0.999954      8849113     21845.33
      319.49     0.999957      8849146     23405.71
      319.49     0.999960      8849146     25206.15
      321.54     0.999963      8849171     27306.67
      323.58     0.999966      8849199     29789.09
      325.63     0.999969      8849236     32768.00
      325.63     0.999971      8849236     34492.63
      327.68     0.999973      8849273     36408.89
      327.68     0.999974      8849273     38550.59
      329.73     0.999976      8849300     40960.00
      329.73     0.999977      8849300     43690.67
      331.77     0.999979      8849318     46811.43
      331.77     0.999980      8849318     50412.31
      333.82     0.999982      8849338     54613.33
      335.87     0.999983      8849348     59578.18
      337.92     0.999985      8849363     65536.00
      339.97     0.999986      8849373     68985.26
      339.97     0.999986      8849373     72817.78
      342.01     0.999987      8849395     77101.18
      342.01     0.999988      8849395     81920.00
      342.01     0.999989      8849395     87381.33
      344.06     0.999989      8849405     93622.86
      344.06     0.999990      8849405    100824.62
      346.11     0.999991      8849411    109226.67
      350.21     0.999992      8849445    119156.36
      350.21     0.999992      8849445    131072.00
      350.21     0.999993      8849445    137970.53
      350.21     0.999993      8849445    145635.56
      350.21     0.999994      8849445    154202.35
      350.21     0.999994      8849445    163840.00
      350.21     0.999994      8849445    174762.67
      350.21     0.999995      8849445    187245.71
      352.25     0.999995      8849464    201649.23
      352.25     0.999995      8849464    218453.33
      352.25     0.999996      8849464    238312.73
      352.25     0.999996      8849464    262144.00
      352.25     0.999996      8849464    275941.05
      352.25     0.999997      8849464    291271.11
      352.25     0.999997      8849464    308404.71
      354.30     0.999997      8849465    327680.00
      358.40     0.999997      8849469    349525.33
      358.40     0.999997      8849469    374491.43
      364.54     0.999998      8849471    403298.46
      366.59     0.999998      8849481    436906.67
      366.59     0.999998      8849481    476625.45
      366.59     0.999998      8849481    524288.00
      366.59     0.999998      8849481    551882.11
      366.59     0.999998      8849481    582542.22
      366.59     0.999998      8849481    616809.41
      366.59     0.999998      8849481    655360.00
      366.59     0.999999      8849481    699050.67
      366.59     0.999999      8849481    748982.86
      368.64     0.999999      8849487    806596.92
      368.64     0.999999      8849487    873813.33
      368.64     0.999999      8849487    953250.91
      368.64     0.999999      8849487   1048576.00
      368.64     0.999999      8849487   1103764.21
      368.64     0.999999      8849487   1165084.44
      368.64     0.999999      8849487   1233618.82
      368.64     0.999999      8849487   1310720.00
      368.64     0.999999      8849487   1398101.33
      368.64     0.999999      8849487   1497965.71
      368.64     0.999999      8849487   1613193.85
      368.64     0.999999      8849487   1747626.67
      370.69     0.999999      8849489   1906501.82
      370.69     1.000000      8849489   2097152.00
      370.69     1.000000      8849489   2207528.42
      370.69     1.000000      8849489   2330168.89
      370.69     1.000000      8849489   2467237.65
      370.69     1.000000      8849489   2621440.00
      370.69     1.000000      8849489   2796202.67
      409.60     1.000000      8849492   2995931.43
      409.60     1.000000      8849492          inf
#[Mean    =       13.542, StdDeviation   =       15.099]
#[Max     =      409.599, Total count    =      8849492]
#[Buckets =           10, SubBuckets     =          256]
