       Value   Percentile   TotalCount 1/(1-Percentile)

        0.17     0.000000            1         1.00
        3.69     0.050000        40230         1.05
        5.70     0.100000        80602         1.11
        7.29     0.150000       122457         1.18
        8.06     0.200000       161656         1.25
        8.32     0.250000       202393         1.33
        8.38     0.300000       241874         1.43
        8.51     0.350000       298713         1.54
        8.70     0.400000       333959         1.67
        8.96     0.450000       369628         1.82
        9.09     0.500000       405695         2.00
        9.21     0.525000       427885         2.11
        9.34     0.550000       442603         2.22
        9.79     0.575000       465271         2.35
       10.18     0.600000       483146         2.50
       10.88     0.625000       503820         2.67
       11.97     0.650000       523144         2.86
       12.93     0.675000       543731         3.08
       14.02     0.700000       563527         3.33
       15.23     0.725000       583862         3.64
       16.32     0.750000       604445         4.00
       16.64     0.762500       618695         4.21
       16.89     0.775000       628031         4.44
       17.15     0.787500       637727         4.71
       17.41     0.800000       645969         5.00
       17.92     0.812500       654914         5.33
       18.56     0.825000       663858         5.71
       19.45     0.837500       675544         6.15
       20.09     0.850000       685132         6.67
       20.61     0.862500       694805         7.27
       21.12     0.875000       706595         8.00
       21.25     0.881250       709723         8.42
       21.50     0.887500       714758         8.89
       21.89     0.893750       719181         9.41
       22.40     0.900000       724183        10.00
       23.17     0.906250       729674        10.67
       23.93     0.912500       734247        11.43
       24.70     0.918750       739489        12.31
       25.34     0.925000       744466        13.33
       26.37     0.931250       749411        14.55
       27.77     0.937500       754620        16.00
       28.29     0.940625       756873        16.84
       28.93     0.943750       759602        17.78
       29.44     0.946875       762392        18.82
       29.95     0.950000       764668        20.00
       30.46     0.953125       766955        21.33
       31.23     0.956250       769731        22.86
       32.00     0.959375       772130        24.62
       32.77     0.962500       774508        26.67
       33.79     0.965625       777264        29.09
       35.07     0.968750       779789        32.00
       35.84     0.970313       780922        33.68
       36.61     0.971875       781985        35.56
       37.63     0.973437       783380        37.65
       38.66     0.975000       784473        40.00
       40.19     0.976562       785952        42.67
       41.47     0.978125       787079        45.71
       43.26     0.979688       788268        49.23
       46.08     0.981250       789626        53.33
       48.90     0.982812       790842        58.18
       52.48     0.984375       792035        64.00
       54.78     0.985156       792703        67.37
       56.83     0.985938       793284        71.11
       59.65     0.986719       793933        75.29
       62.46     0.987500       794542        80.00
       66.05     0.988281       795216        85.33
       70.14     0.989062       795830        91.43
       74.75     0.989844       796423        98.46
       80.38     0.990625       797083       106.67
       85.50     0.991406       797705       116.36
       91.65     0.992188       798337       128.00
       94.72     0.992578       798640       134.74
       97.79     0.992969       798935       142.22
      101.38     0.993359       799250       150.59
      105.47     0.993750       799577       160.00
      109.06     0.994141       799886       170.67
      112.64     0.994531       800188       182.86
      116.73     0.994922       800523       196.92
      120.83     0.995313       800833       213.33
      125.44     0.995703       801161       232.73
      130.05     0.996094       801452       256.00
      133.12     0.996289       801654       269.47
      135.17     0.996484       801795       284.44
      138.24     0.996680       801980       301.18
      140.29     0.996875       802082       320.00
      143.36     0.997070       802230       341.33
      147.46     0.997266       802404       365.71
      151.55     0.997461       802576       393.85
      154.62     0.997656       802715       426.67
      158.72     0.997852       802876       465.45
      162.81     0.998047       803042       512.00
      164.86     0.998145       803111       538.95
      167.94     0.998242       803188       568.89
      171.01     0.998340       803251       602.35
      174.08     0.998437       803330       640.00
      178.18     0.998535       803414       682.67
      182.27     0.998633       803498       731.43
      185.34     0.998730       803568       787.69
      188.41     0.998828       803648       853.33
      192.51     0.998926       803735       930.91
      196.61     0.999023       803806      1024.00
      198.66     0.999072       803840      1077.89
      200.70     0.999121       803882      1137.78
      202.75     0.999170       803920      1204.71
      204.80     0.999219       803958      1280.00
      208.90     0.999268       804007      1365.33
      210.94     0.999316       804037      1462.86
      214.01     0.999365       804079      1575.38
      217.09     0.999414       804119      1706.67
      221.18     0.999463       804161      1861.82
      224.25     0.999512       804197      2048.00
      226.30     0.999536       804217      2155.79
      228.35     0.999561       804234      2275.56
      230.40     0.999585       804261      2409.41
      231.42     0.999609       804273      2560.00
      234.50     0.999634       804295      2730.67
      236.54     0.999658       804311      2925.71
      238.59     0.999683       804331      3150.77
      242.69     0.999707       804357      3413.33
      244.74     0.999731       804374      3723.64
      246.78     0.999756       804393      4096.00
      247.81     0.999768       804402      4311.58
      248.83     0.999780       804413      4551.11
      250.88     0.999792       804424      4818.82
      251.90     0.999805       804429      5120.00
      254.97     0.999817       804440      5461.33
      259.07     0.999829       804451      5851.43
      261.12     0.999841       804462      6301.54
      264.19     0.999854       804475      6826.67
      268.29     0.999866       804478      7447.27
      272.38     0.999878       804488      8192.00
      278.53     0.999884       804497      8623.16
      280.57     0.999890       804504      9102.22
      280.57     0.999896       804504      9637.65
      282.62     0.999902       804510     10240.00
      284.67     0.999908       804513     10922.67
      290.81     0.999915       804523     11702.86
      290.81     0.999921       804523     12603.08
      294.91     0.999927       804529     13653.33
      299.01     0.999933       804533     14894.55
      301.06     0.999939       804540     16384.00
      301.06     0.999942       804540     17246.32
      305.15     0.999945       804543     18204.44
      307.20     0.999948       804546     19275.29
      309.25     0.999951       804548     20480.00
      311.30     0.999954       804550     21845.33
      313.34     0.999957       804554     23405.71
      315.39     0.999960       804556     25206.15
      317.44     0.999963       804558     27306.67
      319.49     0.999966       804561     29789.09
      321.54     0.999969       804562     32768.00
      323.58     0.999971       804567     34492.63
      323.58     0.999973       804567     36408.89
      323.58     0.999974       804567     38550.59
      323.58     0.999976       804567     40960.00
      329.73     0.999977       804570     43690.67
      329.73     0.999979       804570     46811.43
      333.82     0.999980       804572     50412.31
      333.82     0.999982       804572     54613.33
      337.92     0.999983       804574     59578.18
      337.92     0.999985       804574     65536.00
      339.97     0.999986       804575     68985.26
      339.97     0.999986       804575     72817.78
      344.06     0.999987       804576     77101.18
      346.11     0.999988       804577     81920.00
      346.11     0.999989       804577     87381.33
      350.21     0.999989       804580     93622.86
      350.21     0.999990       804580    100824.62
      350.21     0.999991       804580    109226.67
      350.21     0.999992       804580    119156.36
      350.21     0.999992       804580    131072.00
      352.25     0.999993       804584    137970.53
      352.25     0.999993       804584    145635.56
      352.25     0.999994       804584    154202.35
      352.25     0.999994       804584    163840.00
      352.25     0.999994       804584    174762.67
      352.25     0.999995       804584    187245.71
      352.25     0.999995       804584    201649.23
      352.25     0.999995       804584    218453.33
      352.25     0.999996       804584    238312.73
      352.25     0.999996       804584    262144.00
      352.25     0.999996       804584    275941.05
      352.25     0.999997       804584    291271.11
      352.25     0.999997       804584    308404.71
      352.25     0.999997       804584    327680.00
      352.25     0.999997       804584    349525.33
      352.25     0.999997       804584    374491.43
      366.59     0.999998       804586    403298.46
      366.59     1.000000       804586          inf
#[Mean    =       13.519, StdDeviation   =       14.967]
#[Max     =      366.591, Total count    =       804586]
#[Buckets =           10, SubBuckets     =          256]
