       Value   Percentile   TotalCount 1/(1-Percentile)

        0.17     0.000000            4         1.00
        3.69     0.050000       404134         1.05
        5.70     0.100000       805189         1.11
        7.26     0.150000      1207219         1.18
        8.06     0.200000      1618924         1.25
        8.32     0.250000      2029421         1.33
        8.38     0.300000      2429042         1.43
        8.51     0.350000      2991973         1.54
        8.70     0.400000      3345309         1.67
        8.96     0.450000      3701770         1.82
        9.09     0.500000      4059707         2.00
        9.21     0.525000      4281353         2.11
        9.34     0.550000      4428539         2.22
        9.79     0.575000      4653199         2.35
       10.18     0.600000      4831045         2.50
       10.88     0.625000      5037469         2.67
       11.97     0.650000      5230390         2.86
       12.93     0.675000      5433888         3.08
       14.02     0.700000      5634077         3.33
       15.23     0.725000      5836583         3.64
       16.32     0.750000      6040436         4.00
       16.64     0.762500      6185021         4.21
       16.89     0.775000      6279105         4.44
       17.15     0.787500      6375564         4.71
       17.41     0.800000      6456266         5.00
       17.92     0.812500      6546357         5.33
       18.69     0.825000      6654489         5.71
       19.45     0.837500      6753694         6.15
       20.09     0.850000      6848754         6.67
       20.61     0.862500      6946309         7.27
       21.12     0.875000      7063741         8.00
       21.25     0.881250      7095167         8.42
       21.50     0.887500      7146776         8.89
       21.89     0.893750      7190491         9.41
       22.53     0.900000      7249426        10.00
       23.17     0.906250      7295586        10.67
       23.93     0.912500      7342043        11.43
       24.70     0.918750      7394721        12.31
       25.34     0.925000      7443823        13.33
       26.37     0.931250      7493535        14.55
       27.77     0.937500      7545100        16.00
       28.29     0.940625      7567276        16.84
       28.93     0.943750      7593749        17.78
       29.44     0.946875      7621853        18.82
       29.95     0.950000      7644780        20.00
       30.59     0.953125      7672362        21.33
       31.23     0.956250      7695358        22.86
       32.00     0.959375      7719242        24.62
       33.02     0.962500      7748613        26.67
       33.79     0.965625      7769997        29.09
       35.07     0.968750      7794993        32.00
       36.09     0.970313      7809194        33.68
       36.86     0.971875      7819420        35.56
       37.89     0.973437      7833171        37.65
       38.91     0.975000      7844332        40.00
       40.19     0.976562      7856860        42.67
       41.73     0.978125      7869907        45.71
       43.77     0.979688      7881751        49.23
       46.34     0.981250      7894333        53.33
       49.41     0.982812      7907474        58.18
       53.25     0.984375      7919662        64.00
       55.30     0.985156      7925744        67.37
       57.60     0.985938      7931967        71.11
       60.41     0.986719      7938524        75.29
       62.98     0.987500      7944380        80.00
       66.56     0.988281      7951056        85.33
       71.17     0.989062      7957468        91.43
       75.78     0.989844      7963331        98.46
       81.41     0.990625      7969816       106.67
       87.04     0.991406      7976183       116.36
       93.18     0.992188      7982321       128.00
       96.77     0.992578      7985646       134.74
       99.84     0.992969      7988372       142.22
      103.94     0.993359      7991897       150.59
      107.52     0.993750      7995060       160.00
      111.10     0.994141      7998095       170.67
      114.69     0.994531      8001247       182.86
      118.27     0.994922      8004308       196.92
      122.37     0.995313      8007554       213.33
      126.46     0.995703      8010580       232.73
      131.07     0.996094      8013766       256.00
      134.14     0.996289      8015689       269.47
      136.19     0.996484      8016965       284.44
      139.26     0.996680      8018564       301.18
      142.34     0.996875      8020057       320.00
      145.41     0.997070      8021497       341.33
      149.50     0.997266      8023403       365.71
      152.57     0.997461      8024748       393.85
      156.67     0.997656      8026324       426.67
      160.77     0.997852      8027819       465.45
      164.86     0.998047      8029328       512.00
      166.91     0.998145      8030000       538.95
      169.98     0.998242      8030959       568.89
      173.06     0.998340      8031802       602.35
      176.13     0.998437      8032529       640.00
      179.20     0.998535      8033192       682.67
      183.29     0.998633      8034053       731.43
      186.37     0.998730      8034706       787.69
      190.46     0.998828      8035565       853.33
      194.56     0.998926      8036399       930.91
      198.66     0.999023      8037122      1024.00
      200.70     0.999072      8037520      1077.89
      202.75     0.999121      8037878      1137.78
      204.80     0.999170      8038270      1204.71
      206.85     0.999219      8038645      1280.00
      209.92     0.999268      8039072      1365.33
      212.99     0.999316      8039530      1462.86
      215.04     0.999365      8039831      1575.38
      218.11     0.999414      8040221      1706.67
      221.18     0.999463      8040602      1861.82
      225.28     0.999512      8041069      2048.00
      227.33     0.999536      8041241      2155.79
      229.38     0.999561      8041421      2275.56
      231.42     0.999585      8041613      2409.41
      233.47     0.999609      8041857      2560.00
      235.52     0.999634      8042031      2730.67
      237.57     0.999658      8042194      2925.71
      240.64     0.999683      8042400      3150.77
      242.69     0.999707      8042561      3413.33
      245.76     0.999731      8042788      3723.64
      248.83     0.999756      8042976      4096.00
      249.85     0.999768      8043048      4311.58
      251.90     0.999780      8043164      4551.11
      253.95     0.999792      8043255      4818.82
      256.00     0.999805      8043349      5120.00
      258.05     0.999817      8043442      5461.33
      261.12     0.999829      8043556      5851.43
      264.19     0.999841      8043683      6301.54
      266.24     0.999854      8043744      6826.67
      272.38     0.999866      8043862      7447.27
      276.48     0.999878      8043946      8192.00
      278.53     0.999884      8044021      8623.16
      280.57     0.999890      8044067      9102.22
      282.62     0.999896      8044094      9637.65
      284.67     0.999902      8044133     10240.00
      288.77     0.999908      8044178     10922.67
      292.86     0.999915      8044260     11702.86
      294.91     0.999921      8044280     12603.08
      299.01     0.999927      8044344     13653.33
      301.06     0.999933      8044386     14894.55
      305.15     0.999939      8044432     16384.00
      307.20     0.999942      8044450     17246.32
      311.30     0.999945      8044487     18204.44
      313.34     0.999948      8044507     19275.29
      315.39     0.999951      8044529     20480.00
      317.44     0.999954      8044555     21845.33
      319.49     0.999957      8044585     23405.71
      321.54     0.999960      8044609     25206.15
      323.58     0.999963      8044632     27306.67
      325.63     0.999966      8044669     29789.09
      325.63     0.999969      8044669     32768.00
      327.68     0.999971      8044706     34492.63
      327.68     0.999973      8044706     36408.89
      327.68     0.999974      8044706     38550.59
      329.73     0.999976      8044730     40960.00
      329.73     0.999977      8044730     43690.67
      331.77     0.999979      8044748     46811.43
      331.77     0.999980      8044748     50412.31
      333.82     0.999982      8044766     54613.33
      335.87     0.999983      8044776     59578.18
      337.92     0.999985      8044789     65536.00
      339.97     0.999986      8044798     68985.26
      339.97     0.999986      8044798     72817.78
      342.01     0.999987      8044820     77101.18
      342.01     0.999988      8044820     81920.00
      342.01     0.999989      8044820     87381.33
      344.06     0.999989      8044829     93622.86
      344.06     0.999990      8044829    100824.62
      346.11     0.999991      8044834    109226.67
      348.16     0.999992      8044839    119156.36
      350.21     0.999992      8044865    131072.00
      350.21     0.999993      8044865    137970.53
      350.21     0.999993      8044865    145635.56
      350.21     0.999994      8044865    154202.35
      350.21     0.999994      8044865    163840.00
      350.21     0.999994      8044865    174762.67
      350.21     0.999995      8044865    187245.71
      352.25     0.999995      8044880    201649.23
      352.25     0.999995      8044880    218453.33
      352.25     0.999996      8044880    238312.73
      352.25     0.999996      8044880    262144.00
      352.25     0.999996      8044880    275941.05
      352.25     0.999997      8044880    291271.11
      352.25     0.999997      8044880    308404.71
      356.35     0.999997      8044882    327680.00
      358.40     0.999997      8044885    349525.33
      358.40     0.999997      8044885    374491.43
      364.54     0.999998      8044887    403298.46
      366.59     0.999998      8044895    436906.67
      366.59     0.999998      8044895    476625.45
      366.59     0.999998      8044895    524288.00
      366.59     0.999998      8044895    551882.11
      366.59     0.999998      8044895    582542.22
      366.59     0.999998      8044895    616809.41
      366.59     0.999998      8044895    655360.00
      366.59     0.999999      8044895    699050.67
      368.64     0.999999      8044901    748982.86
      368.64     0.999999      8044901    806596.92
      368.64     0.999999      8044901    873813.33
      368.64     0.999999      8044901    953250.91
      368.64     0.999999      8044901   1048576.00
      368.64     0.999999      8044901   1103764.21
      368.64     0.999999      8044901   1165084.44
      368.64     0.999999      8044901   1233618.82
      368.64     0.999999      8044901   1310720.00
      368.64     0.999999      8044901   1398101.33
      368.64     0.999999      8044901   1497965.71
      370.69     0.999999      8044903   1613193.85
      370.69     0.999999      8044903   1747626.67
      370.69     0.999999      8044903   1906501.82
      370.69     1.000000      8044903   2097152.00
      370.69     1.000000      8044903   2207528.42
      370.69     1.000000      8044903   2330168.89
      370.69     1.000000      8044903   2467237.65
      370.69     1.000000      8044903   2621440.00
      409.60     1.000000      8044906   2796202.67
      409.60     1.000000      8044906          inf
#[Mean    =       13.544, StdDeviation   =       15.112]
#[Max     =      409.599, Total count    =      8044906]
#[Buckets =           10, SubBuckets     =          256]
