       Value   Percentile   TotalCount 1/(1-Percentile)

        0.17     0.000000            2         1.00
        2.75     0.050000       430266         1.05
        4.61     0.100000       866925         1.11
        6.01     0.150000      1290875         1.18
        6.97     0.200000      1730904         1.25
        7.58     0.250000      2143267         1.33
        8.38     0.300000      2641661         1.43
        8.70     0.350000      3082471         1.54
        8.89     0.400000      3440792         1.67
        9.02     0.450000      3881903         1.82
        9.21     0.500000      4373737         2.00
        9.34     0.525000      4504810         2.11
        9.73     0.550000      4734136         2.22
        9.98     0.575000      4930422         2.35
       10.49     0.600000      5147794         2.50
       11.20     0.625000      5359434         2.67
       12.03     0.650000      5601438         2.86
       12.93     0.675000      5790618         3.08
       14.02     0.700000      6007466         3.33
       15.23     0.725000      6215563         3.64
       16.19     0.750000      6431458         4.00
       16.77     0.762500      6559838         4.21
       17.15     0.775000      6677034         4.44
       17.41     0.787500      6751146         4.71
       18.18     0.800000      6874749         5.00
       18.82     0.812500      6965916         5.33
       19.71     0.825000      7086752         5.71
       20.22     0.837500      7179424         6.15
       20.99     0.850000      7296695         6.67
       21.38     0.862500      7393217         7.27
       22.27     0.875000      7505194         8.00
       22.91     0.881250      7558418         8.42
       23.68     0.887500      7611416         8.89
       24.32     0.893750      7662881         9.41
       25.09     0.900000      7719306        10.00
       25.73     0.906250      7769184        10.67
       26.62     0.912500      7824531        11.43
       27.65     0.918750      7879626        12.31
       28.54     0.925000      7932121        13.33
       29.31     0.931250      7987854        14.55
       30.21     0.937500      8040880        16.00
       30.72     0.940625      8066102        16.84
       31.23     0.943750      8090491        17.78
       31.87     0.946875      8119035        18.82
       32.51     0.950000      8144464        20.00
       33.28     0.953125      8175128        21.33
       34.05     0.956250      8199676        22.86
       35.07     0.959375      8225068        24.62
       36.35     0.962500      8251382        26.67
       37.63     0.965625      8279798        29.09
       39.17     0.968750      8305348        32.00
       39.94     0.970313      8317002        33.68
       40.96     0.971875      8331029        35.56
       41.98     0.973437      8344093        37.65
       43.26     0.975000      8357808        40.00
       44.80     0.976562      8369923        42.67
       46.85     0.978125      8384558        45.71
       49.15     0.979688      8396905        49.23
       51.97     0.981250      8410084        53.33
       55.55     0.982812      8423543        58.18
       59.90     0.984375      8436886        64.00
       62.46     0.985156      8443842        67.37
       65.28     0.985938      8450327        71.11
       68.61     0.986719      8457872        75.29
       71.68     0.987500      8463836        80.00
       75.78     0.988281      8470334        85.33
       80.89     0.989062      8477538        91.43
       86.02     0.989844      8484018        98.46
       92.16     0.990625      8490675       106.67
       98.81     0.991406      8497295       116.36
      105.98     0.992188      8504057       128.00
      109.57     0.992578      8507288       134.74
      113.15     0.992969      8510585       142.22
      117.25     0.993359      8514118       150.59
      121.34     0.993750      8517370       160.00
      125.44     0.994141      8520608       170.67
      129.53     0.994531      8524062       182.86
      134.14     0.994922      8527315       196.92
      139.26     0.995313      8530625       213.33
      144.38     0.995703      8533904       232.73
      150.53     0.996094      8537594       256.00
      153.60     0.996289      8539206       269.47
      156.67     0.996484      8540711       284.44
      160.77     0.996680      8542503       301.18
      164.86     0.996875      8544369       320.00
      167.94     0.997070      8545629       341.33
      173.06     0.997266      8547647       365.71
      177.15     0.997461      8549255       393.85
      182.27     0.997656      8550860       426.67
      187.39     0.997852      8552417       465.45
      192.51     0.998047      8554113       512.00
      194.56     0.998145      8554810       538.95
      197.63     0.998242      8555807       568.89
      200.70     0.998340      8556795       602.35
      202.75     0.998437      8557367       640.00
      205.82     0.998535      8558228       682.67
      208.90     0.998633      8558989       731.43
      211.97     0.998730      8559858       787.69
      216.06     0.998828      8560819       853.33
      220.16     0.998926      8561662       930.91
      224.25     0.999023      8562487      1024.00
      226.30     0.999072      8562886      1077.89
      228.35     0.999121      8563272      1137.78
      231.42     0.999170      8563713      1204.71
      233.47     0.999219      8564020      1280.00
      236.54     0.999268      8564557      1365.33
      238.59     0.999316      8564878      1462.86
      241.66     0.999365      8565369      1575.38
      244.74     0.999414      8565734      1706.67
      248.83     0.999463      8566180      1861.82
      251.90     0.999512      8566537      2048.00
      253.95     0.999536      8566771      2155.79
      256.00     0.999561      8566980      2275.56
      258.05     0.999585      8567186      2409.41
      260.10     0.999609      8567440      2560.00
      261.12     0.999634      8567571      2730.67
      264.19     0.999658      8567875      2925.71
      266.24     0.999683      8568071      3150.77
      270.33     0.999707      8568301      3413.33
      274.43     0.999731      8568465      3723.64
      278.53     0.999756      8568693      4096.00
      280.57     0.999768      8568807      4311.58
      282.62     0.999780      8568919      4551.11
      284.67     0.999792      8569029      4818.82
      286.72     0.999805      8569142      5120.00
      286.72     0.999817      8569142      5461.33
      288.77     0.999829      8569241      5851.43
      292.86     0.999841      8569396      6301.54
      294.91     0.999854      8569494      6826.67
      299.01     0.999866      8569603      7447.27
      303.10     0.999878      8569714      8192.00
      303.10     0.999884      8569714      8623.16
      305.15     0.999890      8569796      9102.22
      307.20     0.999896      8569880      9637.65
      307.20     0.999902      8569880     10240.00
      309.25     0.999908      8569952     10922.67
      311.30     0.999915      8569978     11702.86
      315.39     0.999921      8570062     12603.08
      317.44     0.999927      8570093     13653.33
      321.54     0.999933      8570146     14894.55
      327.68     0.999939      8570188     16384.00
      331.77     0.999942      8570237     17246.32
      331.77     0.999945      8570237     18204.44
      333.82     0.999948      8570265     19275.29
      339.97     0.999951      8570311     20480.00
      342.01     0.999954      8570336     21845.33
      344.06     0.999957      8570357     23405.71
      346.11     0.999960      8570383     25206.15
      348.16     0.999963      8570397     27306.67
      354.30     0.999966      8570417     29789.09
      360.45     0.999969      8570448     32768.00
      364.54     0.999971      8570457     34492.63
      370.69     0.999973      8570471     36408.89
      378.88     0.999974      8570488     38550.59
      382.98     0.999976      8570496     40960.00
      387.07     0.999977      8570519     43690.67
      389.12     0.999979      8570524     46811.43
      405.50     0.999980      8570535     50412.31
      425.98     0.999982      8570550     54613.33
      436.22     0.999983      8570563     59578.18
      448.51     0.999985      8570579     65536.00
      450.56     0.999986      8570584     68985.26
      458.75     0.999986      8570588     72817.78
      466.94     0.999987      8570596     77101.18
      468.99     0.999988      8570602     81920.00
      471.04     0.999989      8570606     87381.33
      477.18     0.999989      8570617     93622.86
      479.23     0.999990      8570620    100824.62
      499.71     0.999991      8570626    109226.67
      509.95     0.999992      8570633    119156.36
      518.14     0.999992      8570639    131072.00
      520.19     0.999993      8570643    137970.53
      544.77     0.999993      8570649    145635.56
      544.77     0.999994      8570649    154202.35
      548.86     0.999994      8570653    163840.00
      561.15     0.999994      8570662    174762.67
      561.15     0.999995      8570662    187245.71
      561.15     0.999995      8570662    201649.23
      581.63     0.999995      8570670    218453.33
      581.63     0.999996      8570670    238312.73
      585.73     0.999996      8570674    262144.00
      585.73     0.999996      8570674    275941.05
      598.01     0.999997      8570678    291271.11
      598.01     0.999997      8570678    308404.71
      598.01     0.999997      8570678    327680.00
      602.11     0.999997      8570687    349525.33
      602.11     0.999997      8570687    374491.43
      602.11     0.999998      8570687    403298.46
      602.11     0.999998      8570687    436906.67
      602.11     0.999998      8570687    476625.45
      618.50     0.999998      8570691    524288.00
      618.50     0.999998      8570691    551882.11
      618.50     0.999998      8570691    582542.22
      618.50     0.999998      8570691    616809.41
      618.50     0.999998      8570691    655360.00
      622.59     0.999999      8570692    699050.67
      634.88     0.999999      8570702    748982.86
      634.88     0.999999      8570702    806596.92
      634.88     0.999999      8570702    873813.33
      634.88     0.999999      8570702    953250.91
      634.88     0.999999      8570702   1048576.00
      634.88     0.999999      8570702   1103764.21
      634.88     0.999999      8570702   1165084.44
      634.88     0.999999      8570702   1233618.82
      634.88     0.999999      8570702   1310720.00
      634.88     0.999999      8570702   1398101.33
      634.88     0.999999      8570702   1497965.71
      634.88     0.999999      8570702   1613193.85
      634.88     0.999999      8570702   1747626.67
      634.88     0.999999      8570702   1906501.82
      634.88     1.000000      8570702   2097152.00
      634.88     1.000000      8570702   2207528.42
      634.88     1.000000      8570702   2330168.89
      634.88     1.000000      8570702   2467237.65
      634.88     1.000000      8570702   2621440.00
      634.88     1.000000      8570702   2796202.67
      634.88     1.000000      8570702   2995931.43
      634.88     1.000000      8570702   3226387.69
      634.88     1.000000      8570702   3495253.33
      634.88     1.000000      8570702   3813003.64
      634.88     1.000000      8570702   4194304.00
      667.65     1.000000      8570704   4415056.84
      667.65     1.000000      8570704          inf
#[Mean    =       13.978, StdDeviation   =       17.399]
#[Max     =      667.647, Total count    =      8570704]
#[Buckets =           10, SubBuckets     =          256]
