       Value   Percentile   TotalCount 1/(1-Percentile)

        0.17     0.000000            2         1.00
        2.75     0.050000       391292         1.05
        4.61     0.100000       788179         1.11
        6.01     0.150000      1173376         1.18
        6.97     0.200000      1573287         1.25
        7.58     0.250000      1948266         1.33
        8.38     0.300000      2401503         1.43
        8.70     0.350000      2802318         1.54
        8.89     0.400000      3128260         1.67
        9.02     0.450000      3529329         1.82
        9.21     0.500000      3976000         2.00
        9.34     0.525000      4094978         2.11
        9.73     0.550000      4303395         2.22
        9.98     0.575000      4481795         2.35
       10.49     0.600000      4679442         2.50
       11.20     0.625000      4871729         2.67
       12.03     0.650000      5091634         2.86
       12.93     0.675000      5264036         3.08
       14.02     0.700000      5461017         3.33
       15.23     0.725000      5650309         3.64
       16.19     0.750000      5846472         4.00
       16.77     0.762500      5963057         4.21
       17.15     0.775000      6069618         4.44
       17.41     0.787500      6136997         4.71
       18.18     0.800000      6249424         5.00
       18.82     0.812500      6332374         5.33
       19.71     0.825000      6442380         5.71
       20.22     0.837500      6526645         6.15
       20.99     0.850000      6633031         6.67
       21.38     0.862500      6720821         7.27
       22.27     0.875000      6822842         8.00
       22.91     0.881250      6871271         8.42
       23.68     0.887500      6919420         8.89
       24.32     0.893750      6966160         9.41
       25.09     0.900000      7017474        10.00
       25.73     0.906250      7062936        10.67
       26.62     0.912500      7113389        11.43
       27.65     0.918750      7163394        12.31
       28.54     0.925000      7210957        13.33
       29.31     0.931250      7261675        14.55
       30.21     0.937500      7309927        16.00
       30.72     0.940625      7332864        16.84
       31.23     0.943750      7355108        17.78
       31.87     0.946875      7381032        18.82
       32.51     0.950000      7404213        20.00
       33.28     0.953125      7432039        21.33
       34.05     0.956250      7454393        22.86
       35.07     0.959375      7477444        24.62
       36.35     0.962500      7501312        26.67
       37.63     0.965625      7527167        29.09
       39.17     0.968750      7550346        32.00
       39.94     0.970313      7560883        33.68
       40.96     0.971875      7573645        35.56
       41.98     0.973437      7585534        37.65
       43.26     0.975000      7598016        40.00
       44.80     0.976562      7609017        42.67
       46.85     0.978125      7622275        45.71
       49.15     0.979688      7633512        49.23
       51.97     0.981250      7645471        53.33
       55.55     0.982812      7657737        58.18
       59.90     0.984375      7669823        64.00
       62.46     0.985156      7676180        67.37
       65.28     0.985938      7682107        71.11
       68.09     0.986719      7688070        75.29
       71.68     0.987500      7694385        80.00
       75.78     0.988281      7700325        85.33
       80.38     0.989062      7706246        91.43
       86.02     0.989844      7712775        98.46
       92.16     0.990625      7718818       106.67
       98.81     0.991406      7724835       116.36
      105.98     0.992188      7730979       128.00
      109.57     0.992578      7733885       134.74
      113.15     0.992969      7736868       142.22
      117.25     0.993359      7740068       150.59
      121.34     0.993750      7742983       160.00
      125.44     0.994141      7745949       170.67
      129.53     0.994531      7749087       182.86
      134.14     0.994922      7752034       196.92
      139.26     0.995313      7755030       213.33
      144.38     0.995703      7758007       232.73
      150.53     0.996094      7761348       256.00
      153.60     0.996289      7762820       269.47
      156.67     0.996484      7764174       284.44
      160.77     0.996680      7765786       301.18
      164.86     0.996875      7767478       320.00
      168.96     0.997070      7768991       341.33
      173.06     0.997266      7770479       365.71
      177.15     0.997461      7771947       393.85
      182.27     0.997656      7773410       426.67
      187.39     0.997852      7774822       465.45
      192.51     0.998047      7776350       512.00
      195.58     0.998145      7777245       538.95
      197.63     0.998242      7777889       568.89
      200.70     0.998340      7778763       602.35
      203.78     0.998437      7779558       640.00
      205.82     0.998535      7780057       682.67
      209.92     0.998633      7781025       731.43
      212.99     0.998730      7781836       787.69
      216.06     0.998828      7782435       853.33
      220.16     0.998926      7783213       930.91
      224.25     0.999023      7783956      1024.00
      226.30     0.999072      7784313      1077.89
      228.35     0.999121      7784660      1137.78
      231.42     0.999170      7785069      1204.71
      234.50     0.999219      7785528      1280.00
      236.54     0.999268      7785823      1365.33
      239.62     0.999316      7786297      1462.86
      241.66     0.999365      7786575      1575.38
      244.74     0.999414      7786918      1706.67
      248.83     0.999463      7787317      1861.82
      252.93     0.999512      7787731      2048.00
      253.95     0.999536      7787845      2155.79
      257.02     0.999561      7788124      2275.56
      259.07     0.999585      7788331      2409.41
      260.10     0.999609      7788449      2560.00
      262.14     0.999634      7788665      2730.67
      264.19     0.999658      7788857      2925.71
      266.24     0.999683      7789029      3150.77
      270.33     0.999707      7789243      3413.33
      274.43     0.999731      7789390      3723.64
      278.53     0.999756      7789595      4096.00
      280.57     0.999768      7789699      4311.58
      282.62     0.999780      7789803      4551.11
      284.67     0.999792      7789909      4818.82
      286.72     0.999805      7790014      5120.00
      288.77     0.999817      7790105      5461.33
      290.81     0.999829      7790174      5851.43
      292.86     0.999841      7790243      6301.54
      294.91     0.999854      7790334      6826.67
      299.01     0.999866      7790433      7447.27
      303.10     0.999878      7790535      8192.00
      305.15     0.999884      7790610      8623.16
      305.15     0.999890      7790610      9102.22
      307.20     0.999896      7790688      9637.65
      309.25     0.999902      7790755     10240.00
      309.25     0.999908      7790755     10922.67
      313.34     0.999915      7790807     11702.86
      315.39     0.999921      7790856     12603.08
      319.49     0.999927      7790898     13653.33
      323.58     0.999933      7790943     14894.55
      329.73     0.999939      7790983     16384.00
      331.77     0.999942      7791017     17246.32
      333.82     0.999945      7791039     18204.44
      337.92     0.999948      7791056     19275.29
      339.97     0.999951      7791084     20480.00
      342.01     0.999954      7791107     21845.33
      344.06     0.999957      7791128     23405.71
      346.11     0.999960      7791151     25206.15
      354.30     0.999963      7791181     27306.67
      360.45     0.999966      7791208     29789.09
      366.59     0.999969      7791224     32768.00
      372.74     0.999971      7791235     34492.63
      378.88     0.999973      7791246     36408.89
      385.02     0.999974      7791262     38550.59
      387.07     0.999976      7791275     40960.00
      391.17     0.999977      7791285     43690.67
      413.69     0.999979      7791293     46811.43
      425.98     0.999980      7791304     50412.31
      436.22     0.999982      7791317     54613.33
      448.51     0.999983      7791333     59578.18
      456.70     0.999985      7791340     65536.00
      464.89     0.999986      7791346     68985.26
      468.99     0.999986      7791356     72817.78
      471.04     0.999987      7791360     77101.18
      475.13     0.999988      7791364     81920.00
      477.18     0.999989      7791371     87381.33
      481.28     0.999989      7791375     93622.86
      501.76     0.999990      7791381    100824.62
      509.95     0.999991      7791387    109226.67
      518.14     0.999992      7791393    119156.36
      522.24     0.999992      7791399    131072.00
      544.77     0.999993      7791403    137970.53
      548.86     0.999993      7791407    145635.56
      561.15     0.999994      7791416    154202.35
      561.15     0.999994      7791416    163840.00
      561.15     0.999994      7791416    174762.67
      565.25     0.999995      7791418    187245.71
      581.63     0.999995      7791424    201649.23
      581.63     0.999995      7791424    218453.33
      585.73     0.999996      7791428    238312.73
      598.01     0.999996      7791432    262144.00
      598.01     0.999996      7791432    275941.05
      598.01     0.999997      7791432    291271.11
      602.11     0.999997      7791441    308404.71
      602.11     0.999997      7791441    327680.00
      602.11     0.999997      7791441    349525.33
      602.11     0.999997      7791441    374491.43
      602.11     0.999998      7791441    403298.46
      602.11     0.999998      7791441    436906.67
      618.50     0.999998      7791445    476625.45
      618.50     0.999998      7791445    524288.00
      618.50     0.999998      7791445    551882.11
      618.50     0.999998      7791445    582542.22
      622.59     0.999998      7791446    616809.41
      634.88     0.999998      7791456    655360.00
      634.88     0.999999      7791456    699050.67
      634.88     0.999999      7791456    748982.86
      634.88     0.999999      7791456    806596.92
      634.88     0.999999      7791456    873813.33
      634.88     0.999999      7791456    953250.91
      634.88     0.999999      7791456   1048576.00
      634.88     0.999999      7791456   1103764.21
      634.88     0.999999      7791456   1165084.44
      634.88     0.999999      7791456   1233618.82
      634.88     0.999999      7791456   1310720.00
      634.88     0.999999      7791456   1398101.33
      634.88     0.999999      7791456   1497965.71
      634.88     0.999999      7791456   1613193.85
      634.88     0.999999      7791456   1747626.67
      634.88     0.999999      7791456   1906501.82
      634.88     1.000000      7791456   2097152.00
      634.88     1.000000      7791456   2207528.42
      634.88     1.000000      7791456   2330168.89
      634.88     1.000000      7791456   2467237.65
      634.88     1.000000      7791456   2621440.00
      634.88     1.000000      7791456   2796202.67
      634.88     1.000000      7791456   2995931.43
      634.88     1.000000      7791456   3226387.69
      634.88     1.000000      7791456   3495253.33
      634.88     1.000000      7791456   3813003.64
      667.65     1.000000      7791458   4194304.00
      667.65     1.000000      7791458          inf
#[Mean    =       13.978, StdDeviation   =       17.412]
#[Max     =      667.647, Total count    =      7791458]
#[Buckets =           10, SubBuckets     =          256]
