       Value   Percentile   TotalCount 1/(1-Percentile)

        0.20     0.000000            2         1.00
        2.75     0.050000        38974         1.05
        4.61     0.100000        78746         1.11
        5.98     0.150000       116912         1.18
        6.94     0.200000       155886         1.25
        7.58     0.250000       195001         1.33
        8.38     0.300000       240158         1.43
        8.70     0.350000       280153         1.54
        8.89     0.400000       312532         1.67
        9.02     0.450000       352574         1.82
        9.21     0.500000       397737         2.00
        9.34     0.525000       409832         2.11
        9.73     0.550000       430741         2.22
        9.98     0.575000       448627         2.35
       10.49     0.600000       468352         2.50
       11.20     0.625000       487705         2.67
       12.03     0.650000       509804         2.86
       12.93     0.675000       526582         3.08
       14.02     0.700000       546449         3.33
       15.23     0.725000       565254         3.64
       16.19     0.750000       584986         4.00
       16.64     0.762500       594566         4.21
       17.15     0.775000       607416         4.44
       17.41     0.787500       614149         4.71
       18.05     0.800000       623618         5.00
       18.82     0.812500       633542         5.33
       19.71     0.825000       644372         5.71
       20.22     0.837500       652779         6.15
       20.99     0.850000       663664         6.67
       21.38     0.862500       672396         7.27
       22.27     0.875000       682352         8.00
       22.91     0.881250       687147         8.42
       23.68     0.887500       691996         8.89
       24.32     0.893750       696721         9.41
       25.09     0.900000       701832        10.00
       25.73     0.906250       706248        10.67
       26.62     0.912500       711142        11.43
       27.65     0.918750       716232        12.31
       28.54     0.925000       721164        13.33
       29.31     0.931250       726179        14.55
       30.21     0.937500       730953        16.00
       30.72     0.940625       733238        16.84
       31.36     0.943750       735919        17.78
       31.87     0.946875       738003        18.82
       32.64     0.950000       740643        20.00
       33.28     0.953125       743089        21.33
       34.05     0.956250       745283        22.86
       35.07     0.959375       747624        24.62
       36.35     0.962500       750070        26.67
       37.63     0.965625       752631        29.09
       39.17     0.968750       755002        32.00
       39.94     0.970313       756119        33.68
       40.96     0.971875       757384        35.56
       41.98     0.973437       758559        37.65
       43.26     0.975000       759792        40.00
       45.05     0.976562       761106        42.67
       46.85     0.978125       762283        45.71
       49.41     0.979688       763528        49.23
       52.22     0.981250       764736        53.33
       55.81     0.982812       765867        58.18
       60.16     0.984375       767125        64.00
       62.72     0.985156       767697        67.37
       66.05     0.985938       768377        71.11
       69.12     0.986719       768976        75.29
       72.19     0.987500       769507        80.00
       76.80     0.988281       770153        85.33
       81.41     0.989062       770737        91.43
       87.04     0.989844       771353        98.46
       93.18     0.990625       771954       106.67
       99.84     0.991406       772561       116.36
      107.01     0.992188       773167       128.00
      110.59     0.992578       773489       134.74
      114.17     0.992969       773801       142.22
      117.76     0.993359       774091       150.59
      121.34     0.993750       774387       160.00
      125.95     0.994141       774700       170.67
      130.05     0.994531       775012       182.86
      135.17     0.994922       775348       196.92
      139.26     0.995313       775595       213.33
      145.41     0.995703       775942       232.73
      150.53     0.996094       776246       256.00
      153.60     0.996289       776386       269.47
      156.67     0.996484       776537       284.44
      159.74     0.996680       776666       301.18
      163.84     0.996875       776853       320.00
      166.91     0.997070       776970       341.33
      172.03     0.997266       777131       365.71
      176.13     0.997461       777276       393.85
      181.25     0.997656       777422       426.67
      187.39     0.997852       777595       465.45
      191.49     0.998047       777738       512.00
      194.56     0.998145       777835       538.95
      196.61     0.998242       777880       568.89
      199.68     0.998340       777996       602.35
      200.70     0.998437       778032       640.00
      203.78     0.998535       778120       682.67
      206.85     0.998633       778186       731.43
      210.94     0.998730       778264       787.69
      214.01     0.998828       778342       853.33
      218.11     0.998926       778424       930.91
      222.21     0.999023       778490      1024.00
      224.25     0.999072       778531      1077.89
      226.30     0.999121       778573      1137.78
      228.35     0.999170       778612      1204.71
      231.42     0.999219       778644      1280.00
      234.50     0.999268       778692      1365.33
      235.52     0.999316       778718      1462.86
      238.59     0.999365       778755      1575.38
      241.66     0.999414       778794      1706.67
      246.78     0.999463       778838      1861.82
      249.85     0.999512       778877      2048.00
      250.88     0.999536       778890      2155.79
      251.90     0.999561       778906      2275.56
      253.95     0.999585       778926      2409.41
      256.00     0.999609       778950      2560.00
      257.02     0.999634       778961      2730.67
      259.07     0.999658       778980      2925.71
      262.14     0.999683       779002      3150.77
      264.19     0.999707       779018      3413.33
      266.24     0.999731       779042      3723.64
      270.33     0.999756       779058      4096.00
      272.38     0.999768       779066      4311.58
      274.43     0.999780       779075      4551.11
      278.53     0.999792       779098      4818.82
      278.53     0.999805       779098      5120.00
      280.57     0.999817       779108      5461.33
      282.62     0.999829       779116      5851.43
      286.72     0.999841       779128      6301.54
      288.77     0.999854       779136      6826.67
      290.81     0.999866       779142      7447.27
      292.86     0.999878       779153      8192.00
      294.91     0.999884       779160      8623.16
      296.96     0.999890       779167      9102.22
      296.96     0.999896       779167      9637.65
      299.01     0.999902       779170     10240.00
      301.06     0.999908       779175     10922.67
      305.15     0.999915       779186     11702.86
      305.15     0.999921       779186     12603.08
      307.20     0.999927       779192     13653.33
      309.25     0.999933       779197     14894.55
      311.30     0.999939       779199     16384.00
      315.39     0.999942       779206     17246.32
      315.39     0.999945       779206     18204.44
      315.39     0.999948       779206     19275.29
      317.44     0.999951       779211     20480.00
      317.44     0.999954       779211     21845.33
      321.54     0.999957       779215     23405.71
      323.58     0.999960       779217     25206.15
      327.68     0.999963       779219     27306.67
      331.77     0.999966       779220     29789.09
      333.82     0.999969       779226     32768.00
      333.82     0.999971       779226     34492.63
      333.82     0.999973       779226     36408.89
      333.82     0.999974       779226     38550.59
      339.97     0.999976       779227     40960.00
      342.01     0.999977       779229     43690.67
      346.11     0.999979       779232     46811.43
      346.11     0.999980       779232     50412.31
      346.11     0.999982       779232     54613.33
      348.16     0.999983       779234     59578.18
      350.21     0.999985       779236     65536.00
      350.21     0.999986       779236     68985.26
      350.21     0.999986       779236     72817.78
      350.21     0.999987       779236     77101.18
      358.40     0.999988       779239     81920.00
      358.40     0.999989       779239     87381.33
      358.40     0.999989       779239     93622.86
      358.40     0.999990       779239    100824.62
      358.40     0.999991       779239    109226.67
      360.45     0.999992       779240    119156.36
      366.59     0.999992       779241    131072.00
      366.59     0.999993       779241    137970.53
      366.59     0.999993       779241    145635.56
      366.59     0.999994       779241    154202.35
      372.74     0.999994       779242    163840.00
      372.74     0.999994       779242    174762.67
      372.74     0.999995       779242    187245.71
      380.93     0.999995       779243    201649.23
      380.93     0.999995       779243    218453.33
      380.93     0.999996       779243    238312.73
      385.02     0.999996       779244    262144.00
      385.02     0.999996       779244    275941.05
      385.02     0.999997       779244    291271.11
      385.02     0.999997       779244    308404.71
      385.02     0.999997       779244    327680.00
      385.02     0.999997       779244    349525.33
      385.02     0.999997       779244    374491.43
      389.12     0.999998       779245    403298.46
      389.12     0.999998       779245    436906.67
      389.12     0.999998       779245    476625.45
      389.12     0.999998       779245    524288.00
      389.12     0.999998       779245    551882.11
      389.12     0.999998       779245    582542.22
      389.12     0.999998       779245    616809.41
      389.12     0.999998       779245    655360.00
      389.12     0.999999       779245    699050.67
      389.12     0.999999       779245    748982.86
      403.45     0.999999       779246    806596.92
      403.45     1.000000       779246          inf
#[Mean    =       13.976, StdDeviation   =       17.270]
#[Max     =      403.455, Total count    =       779246]
#[Buckets =           10, SubBuckets     =          256]
