       Value   Percentile   TotalCount 1/(1-Percentile)

        0.23     0.000000            4         1.00
        3.29     0.050000        38503         1.05
        4.99     0.100000        77229         1.11
        6.72     0.150000       116407         1.18
        7.55     0.200000       154597         1.25
        8.38     0.250000       197441         1.33
        8.83     0.300000       238523         1.43
        9.02     0.350000       277795         1.54
        9.15     0.400000       309340         1.67
        9.47     0.450000       349134         1.82
        9.92     0.500000       385041         2.00
       10.24     0.525000       404613         2.11
       10.75     0.550000       424629         2.22
       11.46     0.575000       442484         2.35
       12.22     0.600000       462557         2.50
       13.05     0.625000       482181         2.67
       13.89     0.650000       501046         2.86
       14.78     0.675000       519421         3.08
       15.68     0.700000       539846         3.33
       16.32     0.725000       557891         3.64
       16.89     0.750000       577648         4.00
       17.15     0.762500       589297         4.21
       17.41     0.775000       598511         4.44
       17.92     0.787500       607628         4.71
       18.43     0.800000       616132         5.00
       19.20     0.812500       626999         5.33
       19.71     0.825000       635011         5.71
       20.22     0.837500       644906         6.15
       20.73     0.850000       655625         6.67
       21.12     0.862500       664402         7.27
       21.50     0.875000       674216         8.00
       21.89     0.881250       679295         8.42
       22.27     0.887500       684123         8.89
       22.78     0.893750       688827         9.41
       23.30     0.900000       692797        10.00
       24.06     0.906250       698570        10.67
       24.57     0.912500       702164        11.43
       25.21     0.918750       707187        12.31
       25.98     0.925000       712167        13.33
       27.01     0.931250       716976        14.55
       28.03     0.937500       721638        16.00
       28.54     0.940625       723899        16.84
       29.05     0.943750       726252        17.78
       29.57     0.946875       728888        18.82
       30.21     0.950000       731404        20.00
       30.85     0.953125       733620        21.33
       31.61     0.956250       735969        22.86
       32.38     0.959375       738300        24.62
       33.28     0.962500       740707        26.67
       34.56     0.965625       743310        29.09
       36.09     0.968750       745562        32.00
       37.12     0.970313       746824        33.68
       38.14     0.971875       747955        35.56
       39.42     0.973437       749254        37.65
       40.96     0.975000       750398        40.00
       42.75     0.976562       751512        42.67
       44.80     0.978125       752695        45.71
       47.36     0.979688       753875        49.23
       50.43     0.981250       755081        53.33
       54.27     0.982812       756309        58.18
       58.62     0.984375       757513        64.00
       60.93     0.985156       758070        67.37
       64.00     0.985938       758695        71.11
       67.07     0.986719       759321        75.29
       70.14     0.987500       759911        80.00
       73.73     0.988281       760507        85.33
       77.82     0.989062       761086        91.43
       82.43     0.989844       761712        98.46
       87.04     0.990625       762340       106.67
       91.65     0.991406       762895       116.36
       97.79     0.992188       763502       128.00
      100.86     0.992578       763811       134.74
      103.94     0.992969       764126       142.22
      107.01     0.993359       764419       150.59
      110.08     0.993750       764693       160.00
      113.66     0.994141       765028       170.67
      116.73     0.994531       765283       182.86
      120.32     0.994922       765588       196.92
      124.42     0.995313       765922       213.33
      128.00     0.995703       766188       232.73
      132.09     0.996094       766483       256.00
      135.17     0.996289       766692       269.47
      137.22     0.996484       766833       284.44
      139.26     0.996680       766974       301.18
      141.31     0.996875       767110       320.00
      144.38     0.997070       767270       341.33
      146.43     0.997266       767388       365.71
      149.50     0.997461       767546       393.85
      152.57     0.997656       767720       426.67
      155.65     0.997852       767852       465.45
      159.74     0.998047       768019       512.00
      161.79     0.998145       768089       538.95
      163.84     0.998242       768151       568.89
      165.89     0.998340       768213       602.35
      168.96     0.998437       768308       640.00
      171.01     0.998535       768366       682.67
      174.08     0.998633       768465       731.43
      176.13     0.998730       768527       787.69
      179.20     0.998828       768592       853.33
      182.27     0.998926       768663       930.91
      187.39     0.999023       768754      1024.00
      189.44     0.999072       768793      1077.89
      190.46     0.999121       768825      1137.78
      191.49     0.999170       768853      1204.71
      194.56     0.999219       768898      1280.00
      196.61     0.999268       768926      1365.33
      199.68     0.999316       768976      1462.86
      202.75     0.999365       769015      1575.38
      204.80     0.999414       769038      1706.67
      208.90     0.999463       769081      1861.82
      211.97     0.999512       769116      2048.00
      214.01     0.999536       769132      2155.79
      216.06     0.999561       769152      2275.56
      220.16     0.999585       769176      2409.41
      222.21     0.999609       769193      2560.00
      224.25     0.999634       769209      2730.67
      227.33     0.999658       769226      2925.71
      229.38     0.999683       769250      3150.77
      231.42     0.999707       769265      3413.33
      233.47     0.999731       769282      3723.64
      236.54     0.999756       769303      4096.00
      237.57     0.999768       769315      4311.58
      238.59     0.999780       769321      4551.11
      240.64     0.999792       769330      4818.82
      242.69     0.999805       769340      5120.00
      244.74     0.999817       769350      5461.33
      246.78     0.999829       769357      5851.43
      249.85     0.999841       769369      6301.54
      251.90     0.999854       769377      6826.67
      253.95     0.999866       769392      7447.27
      256.00     0.999878       769397      8192.00
      257.02     0.999884       769401      8623.16
      260.10     0.999890       769404      9102.22
      261.12     0.999896       769409      9637.65
      264.19     0.999902       769415     10240.00
      266.24     0.999908       769419     10922.67
      270.33     0.999915       769426     11702.86
      272.38     0.999921       769434     12603.08
      272.38     0.999927       769434     13653.33
      274.43     0.999933       769443     14894.55
      274.43     0.999939       769443     16384.00
      276.48     0.999942       769445     17246.32
      278.53     0.999945       769446     18204.44
      280.57     0.999948       769449     19275.29
      282.62     0.999951       769455     20480.00
      282.62     0.999954       769455     21845.33
      284.67     0.999957       769461     23405.71
      284.67     0.999960       769461     25206.15
      284.67     0.999963       769461     27306.67
      286.72     0.999966       769466     29789.09
      286.72     0.999969       769466     32768.00
      286.72     0.999971       769466     34492.63
      288.77     0.999973       769471     36408.89
      288.77     0.999974       769471     38550.59
      288.77     0.999976       769471     40960.00
      288.77     0.999977       769471     43690.67
      292.86     0.999979       769473     46811.43
      292.86     0.999980       769473     50412.31
      294.91     0.999982       769475     54613.33
      303.10     0.999983       769476     59578.18
      307.20     0.999985       769477     65536.00
      307.20     0.999986       769477     68985.26
      309.25     0.999986       769480     72817.78
      309.25     0.999987       769480     77101.18
      309.25     0.999988       769480     81920.00
      309.25     0.999989       769480     87381.33
      309.25     0.999989       769480     93622.86
      311.30     0.999990       769482    100824.62
      311.30     0.999991       769482    109226.67
      311.30     0.999992       769482    119156.36
      313.34     0.999992       769483    131072.00
      313.34     0.999993       769483    137970.53
      313.34     0.999993       769483    145635.56
      315.39     0.999994       769484    154202.35
      315.39     0.999994       769484    163840.00
      315.39     0.999994       769484    174762.67
      315.39     0.999995       769484    187245.71
      317.44     0.999995       769485    201649.23
      317.44     0.999995       769485    218453.33
      317.44     0.999996       769485    238312.73
      319.49     0.999996       769486    262144.00
      319.49     0.999996       769486    275941.05
      319.49     0.999997       769486    291271.11
      319.49     0.999997       769486    308404.71
      319.49     0.999997       769486    327680.00
      319.49     0.999997       769486    349525.33
      319.49     0.999997       769486    374491.43
      321.54     0.999998       769487    403298.46
      321.54     0.999998       769487    436906.67
      321.54     0.999998       769487    476625.45
      321.54     0.999998       769487    524288.00
      321.54     0.999998       769487    551882.11
      321.54     0.999998       769487    582542.22
      321.54     0.999998       769487    616809.41
      321.54     0.999998       769487    655360.00
      321.54     0.999999       769487    699050.67
      321.54     0.999999       769487    748982.86
      354.30     0.999999       769488    806596.92
      354.30     1.000000       769488          inf
#[Mean    =       14.166, StdDeviation   =       15.170]
#[Max     =      354.303, Total count    =       769488]
#[Buckets =           10, SubBuckets     =          256]
