       Value   Percentile   TotalCount 1/(1-Percentile)

        0.16     0.000000            4         1.00
        3.31     0.050000       387151         1.05
        4.96     0.100000       770008         1.11
        6.69     0.150000      1155926         1.18
        7.55     0.200000      1550904         1.25
        8.32     0.250000      1925026         1.33
        8.83     0.300000      2390049         1.43
        9.02     0.350000      2787186         1.54
        9.15     0.400000      3101080         1.67
        9.47     0.450000      3494653         1.82
        9.92     0.500000      3854907         2.00
       10.24     0.525000      4052002         2.11
       10.75     0.550000      4250334         2.22
       11.46     0.575000      4425845         2.35
       12.22     0.600000      4626370         2.50
       13.05     0.625000      4821708         2.67
       13.89     0.650000      5011182         2.86
       14.78     0.675000      5194151         3.08
       15.68     0.700000      5399676         3.33
       16.32     0.725000      5579545         3.64
       16.89     0.750000      5779523         4.00
       17.15     0.762500      5896961         4.21
       17.41     0.775000      5989416         4.44
       17.79     0.787500      6059374         4.71
       18.43     0.800000      6166555         5.00
       19.07     0.812500      6255301         5.33
       19.71     0.825000      6355454         5.71
       20.22     0.837500      6454733         6.15
       20.73     0.850000      6560945         6.67
       21.12     0.862500      6649292         7.27
       21.50     0.875000      6747100         8.00
       21.76     0.881250      6780238         8.42
       22.14     0.887500      6830779         8.89
       22.66     0.893750      6878414         9.41
       23.30     0.900000      6929191        10.00
       23.93     0.906250      6974607        10.67
       24.57     0.912500      7025139        11.43
       25.21     0.918750      7074797        12.31
       25.98     0.925000      7123152        13.33
       26.88     0.931250      7165086        14.55
       28.03     0.937500      7217798        16.00
       28.54     0.940625      7239848        16.84
       29.05     0.943750      7262726        17.78
       29.57     0.946875      7289409        18.82
       30.21     0.950000      7313969        20.00
       30.85     0.953125      7335953        21.33
       31.61     0.956250      7359615        22.86
       32.38     0.959375      7383696        24.62
       33.28     0.962500      7407671        26.67
       34.30     0.965625      7429670        29.09
       36.09     0.968750      7455298        32.00
       37.12     0.970313      7468016        33.68
       38.14     0.971875      7479657        35.56
       39.17     0.973437      7489842        37.65
       40.70     0.975000      7502225        40.00
       42.49     0.976562      7514055        42.67
       44.80     0.978125      7526247        45.71
       47.36     0.979688      7537931        49.23
       50.43     0.981250      7550442        53.33
       54.02     0.982812      7561821        58.18
       58.62     0.984375      7574268        64.00
       61.18     0.985156      7580094        67.37
       64.00     0.985938      7586032        71.11
       67.07     0.986719      7592105        75.29
       70.66     0.987500      7598406        80.00
       74.24     0.988281      7603995        85.33
       78.33     0.989062      7609765        91.43
       82.94     0.989844      7616235        98.46
       87.55     0.990625      7622064       106.67
       92.67     0.991406      7627983       116.36
       98.81     0.992188      7634141       128.00
      101.89     0.992578      7637261       134.74
      104.96     0.992969      7640279       142.22
      107.52     0.993359      7642848       150.59
      110.59     0.993750      7645815       160.00
      114.17     0.994141      7649023       170.67
      117.25     0.994531      7651797       182.86
      120.83     0.994922      7655181       196.92
      124.42     0.995313      7658117       213.33
      128.00     0.995703      7660860       232.73
      132.09     0.996094      7663972       256.00
      134.14     0.996289      7665342       269.47
      137.22     0.996484      7667418       284.44
      139.26     0.996680      7668736       301.18
      141.31     0.996875      7670009       320.00
      144.38     0.997070      7671855       341.33
      146.43     0.997266      7672921       365.71
      149.50     0.997461      7674519       393.85
      152.57     0.997656      7676112       426.67
      155.65     0.997852      7677468       465.45
      159.74     0.998047      7679265       512.00
      160.77     0.998145      7679613       538.95
      163.84     0.998242      7680594       568.89
      165.89     0.998340      7681264       602.35
      167.94     0.998437      7681900       640.00
      171.01     0.998535      7682680       682.67
      174.08     0.998633      7683592       731.43
      176.13     0.998730      7684187       787.69
      179.20     0.998828      7684929       853.33
      183.29     0.998926      7685793       930.91
      186.37     0.999023      7686371      1024.00
      188.41     0.999072      7686802      1077.89
      190.46     0.999121      7687254      1137.78
      192.51     0.999170      7687685      1204.71
      194.56     0.999219      7688006      1280.00
      196.61     0.999268      7688281      1365.33
      199.68     0.999316      7688674      1462.86
      202.75     0.999365      7689100      1575.38
      205.82     0.999414      7689467      1706.67
      208.90     0.999463      7689837      1861.82
      211.97     0.999512      7690184      2048.00
      214.01     0.999536      7690423      2155.79
      215.04     0.999561      7690535      2275.56
      217.09     0.999585      7690712      2409.41
      220.16     0.999609      7690908      2560.00
      223.23     0.999634      7691124      2730.67
      225.28     0.999658      7691289      2925.71
      227.33     0.999683      7691433      3150.77
      230.40     0.999707      7691702      3413.33
      231.42     0.999731      7691816      3723.64
      234.50     0.999756      7692031      4096.00
      236.54     0.999768      7692137      4311.58
      237.57     0.999780      7692192      4551.11
      239.62     0.999792      7692311      4818.82
      241.66     0.999805      7692418      5120.00
      242.69     0.999817      7692477      5461.33
      244.74     0.999829      7692569      5851.43
      247.81     0.999841      7692658      6301.54
      250.88     0.999854      7692776      6826.67
      252.93     0.999866      7692889      7447.27
      253.95     0.999878      7692943      8192.00
      254.97     0.999884      7692996      8623.16
      256.00     0.999890      7693034      9102.22
      258.05     0.999896      7693089      9637.65
      260.10     0.999902      7693124     10240.00
      264.19     0.999908      7693199     10922.67
      266.24     0.999915      7693228     11702.86
      268.29     0.999921      7693275     12603.08
      270.33     0.999927      7693346     13653.33
      272.38     0.999933      7693422     14894.55
      272.38     0.999939      7693422     16384.00
      274.43     0.999942      7693456     17246.32
      274.43     0.999945      7693456     18204.44
      276.48     0.999948      7693475     19275.29
      280.57     0.999951      7693520     20480.00
      280.57     0.999954      7693520     21845.33
      282.62     0.999957      7693547     23405.71
      284.67     0.999960      7693589     25206.15
      286.72     0.999963      7693631     27306.67
      286.72     0.999966      7693631     29789.09
      288.77     0.999969      7693670     32768.00
      288.77     0.999971      7693670     34492.63
      288.77     0.999973      7693670     36408.89
      290.81     0.999974      7693688     38550.59
      290.81     0.999976      7693688     40960.00
      294.91     0.999977      7693714     43690.67
      294.91     0.999979      7693714     46811.43
      296.96     0.999980      7693722     50412.31
      305.15     0.999982      7693747     54613.33
      305.15     0.999983      7693747     59578.18
      307.20     0.999985      7693759     65536.00
      309.25     0.999986      7693772     68985.26
      309.25     0.999986      7693772     72817.78
      309.25     0.999987      7693772     77101.18
      311.30     0.999988      7693791     81920.00
      311.30     0.999989      7693791     87381.33
      311.30     0.999989      7693791     93622.86
      313.34     0.999990      7693808    100824.62
      313.34     0.999991      7693808    109226.67
      313.34     0.999992      7693808    119156.36
      315.39     0.999992      7693814    131072.00
      317.44     0.999993      7693819    137970.53
      317.44     0.999993      7693819    145635.56
      319.49     0.999994      7693829    154202.35
      319.49     0.999994      7693829    163840.00
      319.49     0.999994      7693829    174762.67
      321.54     0.999995      7693844    187245.71
      321.54     0.999995      7693844    201649.23
      321.54     0.999995      7693844    218453.33
      321.54     0.999996      7693844    238312.73
      321.54     0.999996      7693844    262144.00
      321.54     0.999996      7693844    275941.05
      323.58     0.999997      7693847    291271.11
      323.58     0.999997      7693847    308404.71
      325.63     0.999997      7693848    327680.00
      327.68     0.999997      7693853    349525.33
      327.68     0.999997      7693853    374491.43
      327.68     0.999998      7693853    403298.46
      333.82     0.999998      7693858    436906.67
      333.82     0.999998      7693858    476625.45
      333.82     0.999998      7693858    524288.00
      333.82     0.999998      7693858    551882.11
      333.82     0.999998      7693858    582542.22
      335.87     0.999998      7693862    616809.41
      335.87     0.999998      7693862    655360.00
      335.87     0.999999      7693862    699050.67
      335.87     0.999999      7693862    748982.86
      335.87     0.999999      7693862    806596.92
      344.06     0.999999      7693865    873813.33
      344.06     0.999999      7693865    953250.91
      344.06     0.999999      7693865   1048576.00
      344.06     0.999999      7693865   1103764.21
      344.06     0.999999      7693865   1165084.44
      344.06     0.999999      7693865   1233618.82
      352.25     0.999999      7693867   1310720.00
      352.25     0.999999      7693867   1398101.33
      352.25     0.999999      7693867   1497965.71
      352.25     0.999999      7693867   1613193.85
      352.25     0.999999      7693867   1747626.67
      352.25     0.999999      7693867   1906501.82
      354.30     1.000000      7693871   2097152.00
      354.30     1.000000      7693871          inf
#[Mean    =       14.157, StdDeviation   =       15.179]
#[Max     =      354.303, Total count    =      7693871]
#[Buckets =           10, SubBuckets     =          256]
