       Value   Percentile   TotalCount 1/(1-Percentile)

        0.16     0.000000            4         1.00
        3.31     0.050000       425976         1.05
        4.96     0.100000       846427         1.11
        6.69     0.150000      1271192         1.18
        7.55     0.200000      1705501         1.25
        8.32     0.250000      2117279         1.33
        8.83     0.300000      2628572         1.43
        9.02     0.350000      3064981         1.54
        9.15     0.400000      3410420         1.67
        9.47     0.450000      3843787         1.82
        9.92     0.500000      4239948         2.00
       10.24     0.525000      4456615         2.11
       10.75     0.550000      4674963         2.22
       11.46     0.575000      4868329         2.35
       12.22     0.600000      5088927         2.50
       13.05     0.625000      5303889         2.67
       13.89     0.650000      5512228         2.86
       14.78     0.675000      5713572         3.08
       15.68     0.700000      5939522         3.33
       16.32     0.725000      6137436         3.64
       16.89     0.750000      6357171         4.00
       17.15     0.762500      6486258         4.21
       17.41     0.775000      6587927         4.44
       17.92     0.787500      6688723         4.71
       18.43     0.800000      6782687         5.00
       19.07     0.812500      6880115         5.33
       19.71     0.825000      6990465         5.71
       20.22     0.837500      7099639         6.15
       20.73     0.850000      7216570         6.67
       21.12     0.862500      7313694         7.27
       21.50     0.875000      7421316         8.00
       21.89     0.881250      7476322         8.42
       22.14     0.887500      7513480         8.89
       22.66     0.893750      7566081         9.41
       23.30     0.900000      7621988        10.00
       23.93     0.906250      7671910        10.67
       24.57     0.912500      7727303        11.43
       25.21     0.918750      7781984        12.31
       25.98     0.925000      7835319        13.33
       27.01     0.931250      7888059        14.55
       28.03     0.937500      7939436        16.00
       28.54     0.940625      7963747        16.84
       29.05     0.943750      7988978        17.78
       29.57     0.946875      8018297        18.82
       30.21     0.950000      8045373        20.00
       30.85     0.953125      8069573        21.33
       31.61     0.956250      8095584        22.86
       32.38     0.959375      8121996        24.62
       33.28     0.962500      8148378        26.67
       34.30     0.965625      8172582        29.09
       36.09     0.968750      8200860        32.00
       37.12     0.970313      8214840        33.68
       38.14     0.971875      8227612        35.56
       39.17     0.973437      8238854        37.65
       40.70     0.975000      8252475        40.00
       42.49     0.976562      8265456        42.67
       44.80     0.978125      8278942        45.71
       47.36     0.979688      8291806        49.23
       50.43     0.981250      8305523        53.33
       54.02     0.982812      8318055        58.18
       58.62     0.984375      8331781        64.00
       61.18     0.985156      8338222        67.37
       64.00     0.985938      8344727        71.11
       67.07     0.986719      8351426        75.29
       70.66     0.987500      8358423        80.00
       74.24     0.988281      8364564        85.33
       78.33     0.989062      8370898        91.43
       82.94     0.989844      8378020        98.46
       87.55     0.990625      8384458       106.67
       92.67     0.991406      8390997       116.36
       98.81     0.992188      8397750       128.00
      101.38     0.992578      8400628       134.74
      104.45     0.992969      8403914       142.22
      107.52     0.993359      8407316       150.59
      110.59     0.993750      8410541       160.00
      114.17     0.994141      8414091       170.67
      117.25     0.994531      8417122       182.86
      120.83     0.994922      8420814       196.92
      124.42     0.995313      8424039       213.33
      128.00     0.995703      8427048       232.73
      132.09     0.996094      8430455       256.00
      134.14     0.996289      8431963       269.47
      137.22     0.996484      8434251       284.44
      139.26     0.996680      8435710       301.18
      141.31     0.996875      8437119       320.00
      144.38     0.997070      8439125       341.33
      146.43     0.997266      8440309       365.71
      149.50     0.997461      8442065       393.85
      152.57     0.997656      8443832       426.67
      155.65     0.997852      8445320       465.45
      159.74     0.998047      8447284       512.00
      160.77     0.998145      8447667       538.95
      163.84     0.998242      8448745       568.89
      165.89     0.998340      8449477       602.35
      167.94     0.998437      8450181       640.00
      171.01     0.998535      8451046       682.67
      174.08     0.998633      8452057       731.43
      176.13     0.998730      8452714       787.69
      179.20     0.998828      8453521       853.33
      183.29     0.998926      8454480       930.91
      186.37     0.999023      8455104      1024.00
      188.41     0.999072      8455574      1077.89
      190.46     0.999121      8456079      1137.78
      192.51     0.999170      8456555      1204.71
      194.56     0.999219      8456904      1280.00
      196.61     0.999268      8457207      1365.33
      199.68     0.999316      8457650      1462.86
      202.75     0.999365      8458115      1575.38
      205.82     0.999414      8458518      1706.67
      208.90     0.999463      8458918      1861.82
      211.97     0.999512      8459300      2048.00
      214.01     0.999536      8459555      2155.79
      215.04     0.999561      8459676      2275.56
      217.09     0.999585      8459869      2409.41
      220.16     0.999609      8460084      2560.00
      223.23     0.999634      8460328      2730.67
      225.28     0.999658      8460504      2925.71
      228.35     0.999683      8460744      3150.77
      230.40     0.999707      8460958      3413.33
      232.45     0.999731      8461180      3723.64
      234.50     0.999756      8461323      4096.00
      236.54     0.999768      8461440      4311.58
      237.57     0.999780      8461507      4551.11
      239.62     0.999792      8461637      4818.82
      241.66     0.999805      8461754      5120.00
      242.69     0.999817      8461817      5461.33
      244.74     0.999829      8461919      5851.43
      247.81     0.999841      8462020      6301.54
      250.88     0.999854      8462146      6826.67
      252.93     0.999866      8462271      7447.27
      253.95     0.999878      8462335      8192.00
      254.97     0.999884      8462389      8623.16
      256.00     0.999890      8462431      9102.22
      258.05     0.999896      8462492      9637.65
      261.12     0.999902      8462551     10240.00
      264.19     0.999908      8462614     10922.67
      266.24     0.999915      8462647     11702.86
      268.29     0.999921      8462697     12603.08
      270.33     0.999927      8462772     13653.33
      272.38     0.999933      8462856     14894.55
      272.38     0.999939      8462856     16384.00
      274.43     0.999942      8462899     17246.32
      274.43     0.999945      8462899     18204.44
      276.48     0.999948      8462920     19275.29
      280.57     0.999951      8462969     20480.00
      282.62     0.999954      8463002     21845.33
      282.62     0.999957      8463002     23405.71
      284.67     0.999960      8463050     25206.15
      284.67     0.999963      8463050     27306.67
      286.72     0.999966      8463097     29789.09
      288.77     0.999969      8463141     32768.00
      288.77     0.999971      8463141     34492.63
      288.77     0.999973      8463141     36408.89
      288.77     0.999974      8463141     38550.59
      290.81     0.999976      8463159     40960.00
      292.86     0.999977      8463166     43690.67
      294.91     0.999979      8463189     46811.43
      296.96     0.999980      8463197     50412.31
      303.10     0.999982      8463205     54613.33
      305.15     0.999983      8463223     59578.18
      307.20     0.999985      8463236     65536.00
      309.25     0.999986      8463252     68985.26
      309.25     0.999986      8463252     72817.78
      309.25     0.999987      8463252     77101.18
      311.30     0.999988      8463273     81920.00
      311.30     0.999989      8463273     87381.33
      311.30     0.999989      8463273     93622.86
      313.34     0.999990      8463291    100824.62
      313.34     0.999991      8463291    109226.67
      313.34     0.999992      8463291    119156.36
      315.39     0.999992      8463298    131072.00
      315.39     0.999993      8463298    137970.53
      317.44     0.999993      8463304    145635.56
      319.49     0.999994      8463315    154202.35
      319.49     0.999994      8463315    163840.00
      319.49     0.999994      8463315    174762.67
      319.49     0.999995      8463315    187245.71
      321.54     0.999995      8463331    201649.23
      321.54     0.999995      8463331    218453.33
      321.54     0.999996      8463331    238312.73
      321.54     0.999996      8463331    262144.00
      321.54     0.999996      8463331    275941.05
      321.54     0.999997      8463331    291271.11
      323.58     0.999997      8463334    308404.71
      323.58     0.999997      8463334    327680.00
      325.63     0.999997      8463335    349525.33
      327.68     0.999997      8463340    374491.43
      327.68     0.999998      8463340    403298.46
      327.68     0.999998      8463340    436906.67
      333.82     0.999998      8463345    476625.45
      333.82     0.999998      8463345    524288.00
      333.82     0.999998      8463345    551882.11
      333.82     0.999998      8463345    582542.22
      335.87     0.999998      8463349    616809.41
      335.87     0.999998      8463349    655360.00
      335.87     0.999999      8463349    699050.67
      335.87     0.999999      8463349    748982.86
      335.87     0.999999      8463349    806596.92
      344.06     0.999999      8463352    873813.33
      344.06     0.999999      8463352    953250.91
      344.06     0.999999      8463352   1048576.00
      344.06     0.999999      8463352   1103764.21
      344.06     0.999999      8463352   1165084.44
      352.25     0.999999      8463354   1233618.82
      352.25     0.999999      8463354   1310720.00
      352.25     0.999999      8463354   1398101.33
      352.25     0.999999      8463354   1497965.71
      352.25     0.999999      8463354   1613193.85
      354.30     0.999999      8463359   1747626.67
      354.30     1.000000      8463359          inf
#[Mean    =       14.157, StdDeviation   =       15.178]
#[Max     =      354.303, Total count    =      8463359]
#[Buckets =           10, SubBuckets     =          256]
