       Value   Percentile   TotalCount 1/(1-Percentile)

        0.17     0.000000            1         1.00
        3.28     0.050000       384296         1.05
        5.12     0.100000       768774         1.11
        6.75     0.150000      1170210         1.18
        7.36     0.200000      1538917         1.25
        8.16     0.250000      1927833         1.33
        8.45     0.300000      2401181         1.43
        8.77     0.350000      2742188         1.54
        8.96     0.400000      3114866         1.67
        9.09     0.450000      3459463         1.82
        9.41     0.500000      3833760         2.00
        9.79     0.525000      4038834         2.11
       10.11     0.550000      4211102         2.22
       10.88     0.575000      4404746         2.35
       12.03     0.600000      4618048         2.50
       12.99     0.625000      4798322         2.67
       13.89     0.650000      4982109         2.86
       14.91     0.675000      5170738         3.08
       15.87     0.700000      5364616         3.33
       16.64     0.725000      5561996         3.64
       17.15     0.750000      5776233         4.00
       17.41     0.762500      5873628         4.21
       17.66     0.775000      5932004         4.44
       18.18     0.787500      6036061         4.71
       18.82     0.800000      6141285         5.00
       19.45     0.812500      6233755         5.33
       20.09     0.825000      6338477         5.71
       20.61     0.837500      6412269         6.15
       21.12     0.850000      6541992         6.67
       21.38     0.862500      6618338         7.27
       21.89     0.875000      6703586         8.00
       22.14     0.881250      6745620         8.42
       22.66     0.887500      6798854         8.89
       23.17     0.893750      6842253         9.41
       23.81     0.900000      6890052        10.00
       24.45     0.906250      6937131        10.67
       25.21     0.912500      6996126        11.43
       25.86     0.918750      7039560        12.31
       26.62     0.925000      7081513        13.33
       27.77     0.931250      7131593        14.55
       28.93     0.937500      7180739        16.00
       29.31     0.940625      7202524        16.84
       29.82     0.943750      7226110        17.78
       30.46     0.946875      7250406        18.82
       31.10     0.950000      7274037        20.00
       31.87     0.953125      7297409        21.33
       32.64     0.956250      7319823        22.86
       33.53     0.959375      7348337        24.62
       34.56     0.962500      7369979        26.67
       36.09     0.965625      7394665        29.09
       37.38     0.968750      7416090        32.00
       38.14     0.970313      7427787        33.68
       39.17     0.971875      7440163        35.56
       40.19     0.973437      7451864        37.65
       41.47     0.975000      7464169        40.00
       42.75     0.976562      7474797        42.67
       45.05     0.978125      7487910        45.71
       47.36     0.979688      7499301        49.23
       50.17     0.981250      7510839        53.33
       53.76     0.982812      7522772        58.18
       58.11     0.984375      7534572        64.00
       61.18     0.985156      7540908        67.37
       64.00     0.985938      7546924        71.11
       67.07     0.986719      7552958        75.29
       70.66     0.987500      7558494        80.00
       75.26     0.988281      7564966        85.33
       80.38     0.989062      7570964        91.43
       85.50     0.989844      7576773        98.46
       90.62     0.990625      7582424       106.67
       96.25     0.991406      7588447       116.36
      101.89     0.992188      7594456       128.00
      104.96     0.992578      7597516       134.74
      108.03     0.992969      7600601       142.22
      111.10     0.993359      7603492       150.59
      114.17     0.993750      7606334       160.00
      117.76     0.994141      7609446       170.67
      121.34     0.994531      7612443       182.86
      124.93     0.994922      7615396       196.92
      128.51     0.995313      7618316       213.33
      133.12     0.995703      7622033       232.73
      137.22     0.996094      7624847       256.00
      139.26     0.996289      7626069       269.47
      141.31     0.996484      7627323       284.44
      144.38     0.996680      7629021       301.18
      147.46     0.996875      7630678       320.00
      149.50     0.997070      7631821       341.33
      152.57     0.997266      7633440       365.71
      155.65     0.997461      7634873       393.85
      158.72     0.997656      7636210       426.67
      162.81     0.997852      7637744       465.45
      167.94     0.998047      7639281       512.00
      171.01     0.998145      7640037       538.95
      174.08     0.998242      7640843       568.89
      177.15     0.998340      7641566       602.35
      180.22     0.998437      7642276       640.00
      183.29     0.998535      7643026       682.67
      186.37     0.998633      7643702       731.43
      190.46     0.998730      7644487       787.69
      194.56     0.998828      7645263       853.33
      198.66     0.998926      7645990       930.91
      203.78     0.999023      7646818      1024.00
      205.82     0.999072      7647142      1077.89
      207.87     0.999121      7647445      1137.78
      210.94     0.999170      7647908      1204.71
      212.99     0.999219      7648185      1280.00
      216.06     0.999268      7648598      1365.33
      219.13     0.999316      7649062      1462.86
      221.18     0.999365      7649322      1575.38
      225.28     0.999414      7649724      1706.67
      228.35     0.999463      7650053      1861.82
      231.42     0.999512      7650418      2048.00
      233.47     0.999536      7650631      2155.79
      235.52     0.999561      7650820      2275.56
      237.57     0.999585      7651024      2409.41
      239.62     0.999609      7651218      2560.00
      241.66     0.999634      7651374      2730.67
      243.71     0.999658      7651558      2925.71
      245.76     0.999683      7651714      3150.77
      249.85     0.999707      7651939      3413.33
      253.95     0.999731      7652138      3723.64
      258.05     0.999756      7652306      4096.00
      260.10     0.999768      7652430      4311.58
      261.12     0.999780      7652495      4551.11
      264.19     0.999792      7652654      4818.82
      264.19     0.999805      7652654      5120.00
      268.29     0.999817      7652785      5461.33
      270.33     0.999829      7652847      5851.43
      274.43     0.999841      7652983      6301.54
      276.48     0.999854      7653037      6826.67
      280.57     0.999866      7653153      7447.27
      284.67     0.999878      7653252      8192.00
      286.72     0.999884      7653284      8623.16
      288.77     0.999890      7653325      9102.22
      290.81     0.999896      7653377      9637.65
      292.86     0.999902      7653415     10240.00
      294.91     0.999908      7653449     10922.67
      296.96     0.999915      7653491     11702.86
      299.01     0.999921      7653534     12603.08
      303.10     0.999927      7653588     13653.33
      307.20     0.999933      7653656     14894.55
      309.25     0.999939      7653697     16384.00
      311.30     0.999942      7653723     17246.32
      311.30     0.999945      7653723     18204.44
      313.34     0.999948      7653760     19275.29
      315.39     0.999951      7653792     20480.00
      315.39     0.999954      7653792     21845.33
      317.44     0.999957      7653814     23405.71
      321.54     0.999960      7653841     25206.15
      323.58     0.999963      7653866     27306.67
      325.63     0.999966      7653889     29789.09
      331.77     0.999969      7653912     32768.00
      333.82     0.999971      7653929     34492.63
      335.87     0.999973      7653939     36408.89
      337.92     0.999974      7653960     38550.59
      337.92     0.999976      7653960     40960.00
      339.97     0.999977      7653991     43690.67
      339.97     0.999979      7653991     46811.43
      339.97     0.999980      7653991     50412.31
      342.01     0.999982      7654002     54613.33
      346.11     0.999983      7654013     59578.18
      350.21     0.999985      7654030     65536.00
      354.30     0.999986      7654033     68985.26
      356.35     0.999986      7654039     72817.78
      358.40     0.999987      7654046     77101.18
      362.50     0.999988      7654051     81920.00
      364.54     0.999989      7654062     87381.33
      364.54     0.999989      7654062     93622.86
      366.59     0.999990      7654074    100824.62
      366.59     0.999991      7654074    109226.67
      368.64     0.999992      7654080    119156.36
      370.69     0.999992      7654089    131072.00
      370.69     0.999993      7654089    137970.53
      370.69     0.999993      7654089    145635.56
      372.74     0.999994      7654092    154202.35
      382.98     0.999994      7654095    163840.00
      385.02     0.999994      7654099    174762.67
      387.07     0.999995      7654101    187245.71
      391.17     0.999995      7654104    201649.23
      393.21     0.999995      7654109    218453.33
      393.21     0.999996      7654109    238312.73
      395.26     0.999996      7654120    262144.00
      395.26     0.999996      7654120    275941.05
      395.26     0.999997      7654120    291271.11
      395.26     0.999997      7654120    308404.71
      395.26     0.999997      7654120    327680.00
      395.26     0.999997      7654120    349525.33
      397.31     0.999997      7654123    374491.43
      397.31     0.999998      7654123    403298.46
      399.36     0.999998      7654124    436906.67
      403.45     0.999998      7654125    476625.45
      405.50     0.999998      7654127    524288.00
      417.79     0.999998      7654132    551882.11
      417.79     0.999998      7654132    582542.22
      417.79     0.999998      7654132    616809.41
      417.79     0.999998      7654132    655360.00
      417.79     0.999999      7654132    699050.67
      417.79     0.999999      7654132    748982.86
      417.79     0.999999      7654132    806596.92
      448.51     0.999999      7654136    873813.33
      448.51     0.999999      7654136    953250.91
      448.51     0.999999      7654136   1048576.00
      448.51     0.999999      7654136   1103764.21
      448.51     0.999999      7654136   1165084.44
      448.51     0.999999      7654136   1233618.82
      448.51     0.999999      7654136   1310720.00
      448.51     0.999999      7654136   1398101.33
      448.51     0.999999      7654136   1497965.71
      450.56     0.999999      7654141   1613193.85
      450.56     1.000000      7654141          inf
#[Mean    =       14.228, StdDeviation   =       16.002]
#[Max     =      450.559, Total count    =      7654141]
#[Buckets =           10, SubBuckets     =          256]
