       Value   Percentile   TotalCount 1/(1-Percentile)

        0.21     0.000000            1         1.00
        3.28     0.050000        38295         1.05
        5.12     0.100000        76772         1.11
        6.75     0.150000       116604         1.18
        7.36     0.200000       153817         1.25
        8.16     0.250000       192905         1.33
        8.45     0.300000       239884         1.43
        8.77     0.350000       273762         1.54
        8.96     0.400000       310765         1.67
        9.09     0.450000       345302         1.82
        9.41     0.500000       383100         2.00
        9.79     0.525000       403378         2.11
       10.11     0.550000       421120         2.22
       10.88     0.575000       440557         2.35
       12.03     0.600000       461889         2.50
       12.99     0.625000       479910         2.67
       13.89     0.650000       498292         2.86
       14.91     0.675000       516904         3.08
       15.87     0.700000       536100         3.33
       16.64     0.725000       555725         3.64
       17.15     0.750000       576875         4.00
       17.41     0.762500       586671         4.21
       17.79     0.775000       595134         4.44
       18.18     0.787500       603055         4.71
       18.82     0.800000       613612         5.00
       19.45     0.812500       622938         5.33
       20.09     0.825000       633251         5.71
       20.73     0.837500       642635         6.15
       21.12     0.850000       653628         6.67
       21.38     0.862500       661309         7.27
       21.89     0.875000       669855         8.00
       22.27     0.881250       675638         8.42
       22.66     0.887500       679411         8.89
       23.30     0.893750       684718         9.41
       23.93     0.900000       689310        10.00
       24.57     0.906250       693904        10.67
       25.21     0.912500       698920        11.43
       25.86     0.918750       703435        12.31
       26.75     0.925000       708263        13.33
       27.90     0.931250       713467        14.55
       28.93     0.937500       717913        16.00
       29.31     0.940625       720072        16.84
       29.82     0.943750       722493        17.78
       30.46     0.946875       724911        18.82
       31.23     0.950000       727629        20.00
       32.00     0.953125       730112        21.33
       32.77     0.956250       732294        22.86
       33.53     0.959375       734785        24.62
       34.56     0.962500       737023        26.67
       36.09     0.965625       739503        29.09
       37.63     0.968750       742036        32.00
       38.40     0.970313       743094        33.68
       39.17     0.971875       744016        35.56
       40.19     0.973437       745190        37.65
       41.47     0.975000       746399        40.00
       43.01     0.976562       747606        42.67
       45.31     0.978125       748866        45.71
       47.62     0.979688       750057        49.23
       50.43     0.981250       751261        53.33
       54.02     0.982812       752425        58.18
       58.37     0.984375       753563        64.00
       60.93     0.985156       754160        67.37
       63.74     0.985938       754759        71.11
       66.56     0.986719       755350        75.29
       70.66     0.987500       755988        80.00
       74.75     0.988281       756548        85.33
       80.38     0.989062       757190        91.43
       85.50     0.989844       757771        98.46
       91.14     0.990625       758350       106.67
       97.28     0.991406       758955       116.36
      102.91     0.992188       759565       128.00
      105.98     0.992578       759875       134.74
      108.54     0.992969       760140       142.22
      111.61     0.993359       760459       150.59
      114.69     0.993750       760740       160.00
      117.76     0.994141       761038       170.67
      121.86     0.994531       761373       182.86
      125.44     0.994922       761654       196.92
      129.02     0.995313       761949       213.33
      133.12     0.995703       762285       232.73
      137.22     0.996094       762542       256.00
      139.26     0.996289       762674       269.47
      142.34     0.996484       762849       284.44
      145.41     0.996680       763001       301.18
      148.48     0.996875       763164       320.00
      150.53     0.997070       763278       341.33
      153.60     0.997266       763434       365.71
      157.69     0.997461       763599       393.85
      160.77     0.997656       763726       426.67
      164.86     0.997852       763874       465.45
      169.98     0.998047       764041       512.00
      172.03     0.998145       764111       538.95
      174.08     0.998242       764173       568.89
      177.15     0.998340       764250       602.35
      179.20     0.998437       764314       640.00
      183.29     0.998535       764396       682.67
      186.37     0.998633       764464       731.43
      190.46     0.998730       764546       787.69
      194.56     0.998828       764631       853.33
      198.66     0.998926       764692       930.91
      202.75     0.999023       764771      1024.00
      204.80     0.999072       764802      1077.89
      206.85     0.999121       764838      1137.78
      209.92     0.999170       764884      1204.71
      211.97     0.999219       764920      1280.00
      215.04     0.999268       764963      1365.33
      217.09     0.999316       764993      1462.86
      220.16     0.999365       765030      1575.38
      224.25     0.999414       765074      1706.67
      227.33     0.999463       765101      1861.82
      230.40     0.999512       765137      2048.00
      232.45     0.999536       765163      2155.79
      234.50     0.999561       765179      2275.56
      236.54     0.999585       765197      2409.41
      237.57     0.999609       765212      2560.00
      239.62     0.999634       765230      2730.67
      241.66     0.999658       765252      2925.71
      243.71     0.999683       765271      3150.77
      246.78     0.999707       765288      3413.33
      249.85     0.999731       765312      3723.64
      253.95     0.999756       765324      4096.00
      256.00     0.999768       765336      4311.58
      257.02     0.999780       765344      4551.11
      260.10     0.999792       765355      4818.82
      262.14     0.999805       765362      5120.00
      266.24     0.999817       765371      5461.33
      268.29     0.999829       765381      5851.43
      272.38     0.999841       765394      6301.54
      274.43     0.999854       765403      6826.67
      276.48     0.999866       765413      7447.27
      278.53     0.999878       765420      8192.00
      280.57     0.999884       765424      8623.16
      282.62     0.999890       765427      9102.22
      284.67     0.999896       765437      9637.65
      284.67     0.999902       765437     10240.00
      286.72     0.999908       765440     10922.67
      290.81     0.999915       765446     11702.86
      294.91     0.999921       765450     12603.08
      299.01     0.999927       765457     13653.33
      303.10     0.999933       765459     14894.55
      307.20     0.999939       765465     16384.00
      309.25     0.999942       765472     17246.32
      309.25     0.999945       765472     18204.44
      309.25     0.999948       765472     19275.29
      311.30     0.999951       765475     20480.00
      311.30     0.999954       765475     21845.33
      313.34     0.999957       765478     23405.71
      315.39     0.999960       765484     25206.15
      315.39     0.999963       765484     27306.67
      317.44     0.999966       765485     29789.09
      323.58     0.999969       765490     32768.00
      323.58     0.999971       765490     34492.63
      323.58     0.999973       765490     36408.89
      327.68     0.999974       765492     38550.59
      327.68     0.999976       765492     40960.00
      333.82     0.999977       765494     43690.67
      333.82     0.999979       765494     46811.43
      335.87     0.999980       765495     50412.31
      337.92     0.999982       765498     54613.33
      337.92     0.999983       765498     59578.18
      356.35     0.999985       765499     65536.00
      356.35     0.999986       765499     68985.26
      358.40     0.999986       765500     72817.78
      362.50     0.999987       765501     77101.18
      362.50     0.999988       765501     81920.00
      364.54     0.999989       765502     87381.33
      364.54     0.999989       765502     93622.86
      368.64     0.999990       765503    100824.62
      368.64     0.999991       765503    109226.67
      370.69     0.999992       765506    119156.36
      370.69     0.999992       765506    131072.00
      370.69     0.999993       765506    137970.53
      370.69     0.999993       765506    145635.56
      370.69     0.999994       765506    154202.35
      370.69     0.999994       765506    163840.00
      370.69     0.999994       765506    174762.67
      370.69     0.999995       765506    187245.71
      372.74     0.999995       765507    201649.23
      372.74     0.999995       765507    218453.33
      372.74     0.999996       765507    238312.73
      387.07     0.999996       765508    262144.00
      387.07     0.999996       765508    275941.05
      387.07     0.999997       765508    291271.11
      387.07     0.999997       765508    308404.71
      387.07     0.999997       765508    327680.00
      387.07     0.999997       765508    349525.33
      387.07     0.999997       765508    374491.43
      393.21     0.999998       765509    403298.46
      393.21     0.999998       765509    436906.67
      393.21     0.999998       765509    476625.45
      393.21     0.999998       765509    524288.00
      393.21     0.999998       765509    551882.11
      393.21     0.999998       765509    582542.22
      393.21     0.999998       765509    616809.41
      393.21     0.999998       765509    655360.00
      393.21     0.999999       765509    699050.67
      393.21     0.999999       765509    748982.86
      417.79     0.999999       765510    806596.92
      417.79     1.000000       765510          inf
#[Mean    =       14.247, StdDeviation   =       16.011]
#[Max     =      417.791, Total count    =       765510]
#[Buckets =           10, SubBuckets     =          256]
