       Value   Percentile   TotalCount 1/(1-Percentile)

        0.17     0.000000            1         1.00
        3.28     0.050000       422591         1.05
        5.12     0.100000       845546         1.11
        6.75     0.150000      1286814         1.18
        7.36     0.200000      1692734         1.25
        8.16     0.250000      2120738         1.33
        8.45     0.300000      2641065         1.43
        8.77     0.350000      3015950         1.54
        8.96     0.400000      3425631         1.67
        9.09     0.450000      3804765         1.82
        9.41     0.500000      4216860         2.00
        9.79     0.525000      4442212         2.11
       10.11     0.550000      4632222         2.22
       10.88     0.575000      4845303         2.35
       12.03     0.600000      5079937         2.50
       12.99     0.625000      5278232         2.67
       13.89     0.650000      5480401         2.86
       14.91     0.675000      5687642         3.08
       15.87     0.700000      5900716         3.33
       16.64     0.725000      6117721         3.64
       17.15     0.750000      6353108         4.00
       17.41     0.762500      6460299         4.21
       17.79     0.775000      6552662         4.44
       18.18     0.787500      6639116         4.71
       18.82     0.800000      6754897         5.00
       19.45     0.812500      6856693         5.33
       20.09     0.825000      6971728         5.71
       20.61     0.837500      7052968         6.15
       21.12     0.850000      7195620         6.67
       21.38     0.862500      7279647         7.27
       21.89     0.875000      7373441         8.00
       22.27     0.881250      7436623         8.42
       22.66     0.887500      7478265         8.89
       23.17     0.893750      7525963         9.41
       23.81     0.900000      7578444        10.00
       24.57     0.906250      7638462        10.67
       25.21     0.912500      7695046        11.43
       25.86     0.918750      7742995        12.31
       26.62     0.925000      7789193        13.33
       27.77     0.931250      7844474        14.55
       28.93     0.937500      7898652        16.00
       29.31     0.940625      7922596        16.84
       29.82     0.943750      7948603        17.78
       30.46     0.946875      7975317        18.82
       31.10     0.950000      8001262        20.00
       31.87     0.953125      8027001        21.33
       32.64     0.956250      8051717        22.86
       33.53     0.959375      8083122        24.62
       34.56     0.962500      8107002        26.67
       36.09     0.965625      8134168        29.09
       37.38     0.968750      8157674        32.00
       38.14     0.970313      8170552        33.68
       39.17     0.971875      8184179        35.56
       40.19     0.973437      8197054        37.65
       41.47     0.975000      8210568        40.00
       43.01     0.976562      8224036        42.67
       45.05     0.978125      8236653        45.71
       47.36     0.979688      8249242        49.23
       50.17     0.981250      8261985        53.33
       53.76     0.982812      8275116        58.18
       58.37     0.984375      8288649        64.00
       61.18     0.985156      8295149        67.37
       64.00     0.985938      8301730        71.11
       67.07     0.986719      8308379        75.29
       70.66     0.987500      8314482        80.00
       75.26     0.988281      8321583        85.33
       80.38     0.989062      8328154        91.43
       85.50     0.989844      8334544        98.46
       90.62     0.990625      8340728       106.67
       96.25     0.991406      8347308       116.36
      101.89     0.992188      8353923       128.00
      104.96     0.992578      8357278       134.74
      108.03     0.992969      8360694       142.22
      111.10     0.993359      8363897       150.59
      114.17     0.993750      8367031       160.00
      117.76     0.994141      8370484       170.67
      121.34     0.994531      8373766       182.86
      124.93     0.994922      8377016       196.92
      128.51     0.995313      8380229       213.33
      133.12     0.995703      8384318       232.73
      137.22     0.996094      8387389       256.00
      139.26     0.996289      8388743       269.47
      141.31     0.996484      8390108       284.44
      144.38     0.996680      8391981       301.18
      147.46     0.996875      8393784       320.00
      149.50     0.997070      8395044       341.33
      152.57     0.997266      8396817       365.71
      155.65     0.997461      8398401       393.85
      159.74     0.997656      8400266       426.67
      163.84     0.997852      8401964       465.45
      167.94     0.998047      8403255       512.00
      171.01     0.998145      8404114       538.95
      174.08     0.998242      8405016       568.89
      177.15     0.998340      8405816       602.35
      180.22     0.998437      8406613       640.00
      183.29     0.998535      8407422       682.67
      186.37     0.998633      8408166       731.43
      190.46     0.998730      8409033       787.69
      194.56     0.998828      8409894       853.33
      198.66     0.998926      8410682       930.91
      202.75     0.999023      8411434      1024.00
      205.82     0.999072      8411962      1077.89
      207.87     0.999121      8412298      1137.78
      210.94     0.999170      8412810      1204.71
      212.99     0.999219      8413115      1280.00
      216.06     0.999268      8413577      1365.33
      218.11     0.999316      8413914      1462.86
      221.18     0.999365      8414368      1575.38
      225.28     0.999414      8414808      1706.67
      228.35     0.999463      8415165      1861.82
      231.42     0.999512      8415568      2048.00
      233.47     0.999536      8415803      2155.79
      235.52     0.999561      8416006      2275.56
      237.57     0.999585      8416236      2409.41
      239.62     0.999609      8416448      2560.00
      241.66     0.999634      8416626      2730.67
      243.71     0.999658      8416829      2925.71
      245.76     0.999683      8416997      3150.77
      248.83     0.999707      8417195      3413.33
      252.93     0.999731      8417405      3723.64
      257.02     0.999756      8417607      4096.00
      259.07     0.999768      8417715      4311.58
      261.12     0.999780      8417852      4551.11
      262.14     0.999792      8417914      4818.82
      264.19     0.999805      8418020      5120.00
      268.29     0.999817      8418166      5461.33
      270.33     0.999829      8418234      5851.43
      274.43     0.999841      8418386      6301.54
      276.48     0.999854      8418450      6826.67
      280.57     0.999866      8418577      7447.27
      284.67     0.999878      8418689      8192.00
      284.67     0.999884      8418689      8623.16
      288.77     0.999890      8418768      9102.22
      290.81     0.999896      8418823      9637.65
      292.86     0.999902      8418862     10240.00
      294.91     0.999908      8418899     10922.67
      296.96     0.999915      8418944     11702.86
      299.01     0.999921      8418991     12603.08
      303.10     0.999927      8419047     13653.33
      307.20     0.999933      8419121     14894.55
      309.25     0.999939      8419169     16384.00
      309.25     0.999942      8419169     17246.32
      311.30     0.999945      8419198     18204.44
      313.34     0.999948      8419238     19275.29
      315.39     0.999951      8419276     20480.00
      315.39     0.999954      8419276     21845.33
      317.44     0.999957      8419299     23405.71
      321.54     0.999960      8419327     25206.15
      323.58     0.999963      8419356     27306.67
      325.63     0.999966      8419379     29789.09
      331.77     0.999969      8419404     32768.00
      333.82     0.999971      8419423     34492.63
      333.82     0.999973      8419423     36408.89
      335.87     0.999974      8419434     38550.59
      337.92     0.999976      8419458     40960.00
      339.97     0.999977      8419489     43690.67
      339.97     0.999979      8419489     46811.43
      339.97     0.999980      8419489     50412.31
      342.01     0.999982      8419500     54613.33
      346.11     0.999983      8419511     59578.18
      350.21     0.999985      8419528     65536.00
      354.30     0.999986      8419531     68985.26
      356.35     0.999986      8419538     72817.78
      358.40     0.999987      8419546     77101.18
      362.50     0.999988      8419552     81920.00
      364.54     0.999989      8419564     87381.33
      364.54     0.999989      8419564     93622.86
      366.59     0.999990      8419576    100824.62
      366.59     0.999991      8419576    109226.67
      368.64     0.999992      8419583    119156.36
      370.69     0.999992      8419595    131072.00
      370.69     0.999993      8419595    137970.53
      370.69     0.999993      8419595    145635.56
      372.74     0.999994      8419599    154202.35
      382.98     0.999994      8419602    163840.00
      385.02     0.999994      8419606    174762.67
      387.07     0.999995      8419609    187245.71
      391.17     0.999995      8419612    201649.23
      393.21     0.999995      8419618    218453.33
      393.21     0.999996      8419618    238312.73
      395.26     0.999996      8419629    262144.00
      395.26     0.999996      8419629    275941.05
      395.26     0.999997      8419629    291271.11
      395.26     0.999997      8419629    308404.71
      395.26     0.999997      8419629    327680.00
      395.26     0.999997      8419629    349525.33
      395.26     0.999997      8419629    374491.43
      397.31     0.999998      8419632    403298.46
      397.31     0.999998      8419632    436906.67
      403.45     0.999998      8419634    476625.45
      405.50     0.999998      8419636    524288.00
      405.50     0.999998      8419636    551882.11
      417.79     0.999998      8419642    582542.22
      417.79     0.999998      8419642    616809.41
      417.79     0.999998      8419642    655360.00
      417.79     0.999999      8419642    699050.67
      417.79     0.999999      8419642    748982.86
      417.79     0.999999      8419642    806596.92
      417.79     0.999999      8419642    873813.33
      448.51     0.999999      8419646    953250.91
      448.51     0.999999      8419646   1048576.00
      448.51     0.999999      8419646   1103764.21
      448.51     0.999999      8419646   1165084.44
      448.51     0.999999      8419646   1233618.82
      448.51     0.999999      8419646   1310720.00
      448.51     0.999999      8419646   1398101.33
      448.51     0.999999      8419646   1497965.71
      448.51     0.999999      8419646   1613193.85
      450.56     0.999999      8419651   1747626.67
      450.56     1.000000      8419651          inf
#[Mean    =       14.230, StdDeviation   =       16.003]
#[Max     =      450.559, Total count    =      8419651]
#[Buckets =           10, SubBuckets     =          256]
