       Value   Percentile   TotalCount 1/(1-Percentile)

        0.17     0.000000            1         1.00
        4.51     0.050000       429873         1.05
        6.78     0.100000       869231         1.11
        7.52     0.150000      1286046         1.18
        8.19     0.200000      1755386         1.25
        8.38     0.250000      2303703         1.33
        8.51     0.300000      2595549         1.43
        8.89     0.350000      3116213         1.54
        9.02     0.400000      3529056         1.67
        9.15     0.450000      3910232         1.82
        9.41     0.500000      4341125         2.00
        9.66     0.525000      4528921         2.11
        9.92     0.550000      4751422         2.22
       10.24     0.575000      4948458         2.35
       10.75     0.600000      5154388         2.50
       11.65     0.625000      5355923         2.67
       12.54     0.650000      5565634         2.86
       13.57     0.675000      5783976         3.08
       14.72     0.700000      6000151         3.33
       15.74     0.725000      6212107         3.64
       16.51     0.750000      6460769         4.00
       16.77     0.762500      6544387         4.21
       17.15     0.775000      6670282         4.44
       17.41     0.787500      6752925         4.71
       17.92     0.800000      6860633         5.00
       18.56     0.812500      6971277         5.33
       19.20     0.825000      7066494         5.71
       19.97     0.837500      7180314         6.15
       20.48     0.850000      7280053         6.67
       21.12     0.862500      7414557         7.27
       21.50     0.875000      7503511         8.00
       21.89     0.881250      7559147         8.42
       22.27     0.887500      7609916         8.89
       22.78     0.893750      7662873         9.41
       23.30     0.900000      7706911        10.00
       24.06     0.906250      7767749        10.67
       24.70     0.912500      7820640        11.43
       25.34     0.918750      7875872        12.31
       26.11     0.925000      7924362        13.33
       27.26     0.931250      7978625        14.55
       28.29     0.937500      8029293        16.00
       28.67     0.940625      8054371        16.84
       29.18     0.943750      8086179        17.78
       29.57     0.946875      8107389        18.82
       30.21     0.950000      8134046        20.00
       30.98     0.953125      8161928        21.33
       31.87     0.956250      8190475        22.86
       32.64     0.959375      8218208        24.62
       33.28     0.962500      8241270        26.67
       34.56     0.965625      8272027        29.09
       36.09     0.968750      8296509        32.00
       36.86     0.970313      8307792        33.68
       37.89     0.971875      8322411        35.56
       39.17     0.973437      8335625        37.65
       40.70     0.975000      8350155        40.00
       41.98     0.976562      8361420        42.67
       44.03     0.978125      8375134        45.71
       46.34     0.979688      8389321        49.23
       48.64     0.981250      8402157        53.33
       51.71     0.982812      8415664        58.18
       54.78     0.984375      8428297        64.00
       57.09     0.985156      8435212        67.37
       59.65     0.985938      8442294        71.11
       61.95     0.986719      8448619        75.29
       64.51     0.987500      8455128        80.00
       68.09     0.988281      8462401        85.33
       72.19     0.989062      8468845        91.43
       76.29     0.989844      8475020        98.46
       81.41     0.990625      8481945       106.67
       87.55     0.991406      8488850       116.36
       93.69     0.992188      8495307       128.00
       96.77     0.992578      8498451       134.74
      100.35     0.992969      8502154       142.22
      103.42     0.993359      8505193       150.59
      107.01     0.993750      8508865       160.00
      110.59     0.994141      8512156       170.67
      114.17     0.994531      8515513       182.86
      117.76     0.994922      8518892       196.92
      121.34     0.995313      8522140       213.33
      124.93     0.995703      8525370       232.73
      129.02     0.996094      8528726       256.00
      131.07     0.996289      8530161       269.47
      134.14     0.996484      8532246       284.44
      136.19     0.996680      8533565       301.18
      139.26     0.996875      8535431       320.00
      142.34     0.997070      8537231       341.33
      145.41     0.997266      8538903       365.71
      148.48     0.997461      8540458       393.85
      152.57     0.997656      8542208       426.67
      155.65     0.997852      8543552       465.45
      160.77     0.998047      8545467       512.00
      162.81     0.998145      8546090       538.95
      164.86     0.998242      8546861       568.89
      167.94     0.998340      8547852       602.35
      171.01     0.998437      8548687       640.00
      174.08     0.998535      8549456       682.67
      178.18     0.998633      8550453       731.43
      181.25     0.998730      8551145       787.69
      185.34     0.998828      8551973       853.33
      189.44     0.998926      8552815       930.91
      192.51     0.999023      8553549      1024.00
      194.56     0.999072      8553972      1077.89
      197.63     0.999121      8554532      1137.78
      199.68     0.999170      8554871      1204.71
      202.75     0.999219      8555344      1280.00
      204.80     0.999268      8555693      1365.33
      207.87     0.999316      8556102      1462.86
      212.99     0.999365      8556531      1575.38
      216.06     0.999414      8556900      1706.67
      220.16     0.999463      8557317      1861.82
      223.23     0.999512      8557737      2048.00
      225.28     0.999536      8557977      2155.79
      227.33     0.999561      8558183      2275.56
      230.40     0.999585      8558422      2409.41
      232.45     0.999609      8558580      2560.00
      235.52     0.999634      8558817      2730.67
      238.59     0.999658      8559037      2925.71
      241.66     0.999683      8559222      3150.77
      244.74     0.999707      8559433      3413.33
      247.81     0.999731      8559653      3723.64
      251.90     0.999756      8559842      4096.00
      253.95     0.999768      8559926      4311.58
      258.05     0.999780      8560040      4551.11
      260.10     0.999792      8560157      4818.82
      262.14     0.999805      8560276      5120.00
      264.19     0.999817      8560391      5461.33
      268.29     0.999829      8560501      5851.43
      270.33     0.999841      8560595      6301.54
      272.38     0.999854      8560654      6826.67
      278.53     0.999866      8560764      7447.27
      282.62     0.999878      8560884      8192.00
      284.67     0.999884      8560935      8623.16
      286.72     0.999890      8560981      9102.22
      288.77     0.999896      8561023      9637.65
      290.81     0.999902      8561069     10240.00
      294.91     0.999908      8561162     10922.67
      296.96     0.999915      8561205     11702.86
      299.01     0.999921      8561228     12603.08
      303.10     0.999927      8561301     13653.33
      305.15     0.999933      8561337     14894.55
      307.20     0.999939      8561393     16384.00
      309.25     0.999942      8561432     17246.32
      309.25     0.999945      8561432     18204.44
      315.39     0.999948      8561456     19275.29
      319.49     0.999951      8561496     20480.00
      321.54     0.999954      8561524     21845.33
      323.58     0.999957      8561543     23405.71
      325.63     0.999960      8561572     25206.15
      327.68     0.999963      8561595     27306.67
      329.73     0.999966      8561614     29789.09
      335.87     0.999969      8561657     32768.00
      335.87     0.999971      8561657     34492.63
      337.92     0.999973      8561669     36408.89
      339.97     0.999974      8561685     38550.59
      342.01     0.999976      8561702     40960.00
      344.06     0.999977      8561720     43690.67
      344.06     0.999979      8561720     46811.43
      350.21     0.999980      8561732     50412.31
      354.30     0.999982      8561747     54613.33
      358.40     0.999983      8561761     59578.18
      362.50     0.999985      8561780     65536.00
      362.50     0.999986      8561780     68985.26
      364.54     0.999986      8561796     72817.78
      364.54     0.999987      8561796     77101.18
      364.54     0.999988      8561796     81920.00
      366.59     0.999989      8561804     87381.33
      368.64     0.999989      8561810     93622.86
      374.78     0.999990      8561819    100824.62
      376.83     0.999991      8561832    109226.67
      376.83     0.999992      8561832    119156.36
      378.88     0.999992      8561835    131072.00
      387.07     0.999993      8561838    137970.53
      389.12     0.999993      8561846    145635.56
      389.12     0.999994      8561846    154202.35
      391.17     0.999994      8561860    163840.00
      391.17     0.999994      8561860    174762.67
      391.17     0.999995      8561860    187245.71
      391.17     0.999995      8561860    201649.23
      393.21     0.999995      8561864    218453.33
      397.31     0.999996      8561869    238312.73
      397.31     0.999996      8561869    262144.00
      397.31     0.999996      8561869    275941.05
      399.36     0.999997      8561882    291271.11
      399.36     0.999997      8561882    308404.71
      399.36     0.999997      8561882    327680.00
      399.36     0.999997      8561882    349525.33
      399.36     0.999997      8561882    374491.43
      399.36     0.999998      8561882    403298.46
      399.36     0.999998      8561882    436906.67
      401.41     0.999998      8561884    476625.45
      401.41     0.999998      8561884    524288.00
      430.08     0.999998      8561889    551882.11
      430.08     0.999998      8561889    582542.22
      430.08     0.999998      8561889    616809.41
      430.08     0.999998      8561889    655360.00
      430.08     0.999999      8561889    699050.67
      430.08     0.999999      8561889    748982.86
      432.13     0.999999      8561895    806596.92
      432.13     0.999999      8561895    873813.33
      432.13     0.999999      8561895    953250.91
      432.13     0.999999      8561895   1048576.00
      432.13     0.999999      8561895   1103764.21
      432.13     0.999999      8561895   1165084.44
      432.13     0.999999      8561895   1233618.82
      432.13     0.999999      8561895   1310720.00
      432.13     0.999999      8561895   1398101.33
      432.13     0.999999      8561895   1497965.71
      432.13     0.999999      8561895   1613193.85
      448.51     0.999999      8561896   1747626.67
      448.51     0.999999      8561896   1906501.82
      448.51     1.000000      8561896   2097152.00
      452.61     1.000000      8561900   2207528.42
      452.61     1.000000      8561900          inf
#[Mean    =       13.996, StdDeviation   =       15.040]
#[Max     =      452.607, Total count    =      8561900]
#[Buckets =           10, SubBuckets     =          256]
