       Value   Percentile   TotalCount 1/(1-Percentile)

        0.21     0.000000            1         1.00
        4.51     0.050000        39009         1.05
        6.78     0.100000        79012         1.11
        7.52     0.150000       116963         1.18
        8.19     0.200000       159335         1.25
        8.38     0.250000       209040         1.33
        8.51     0.300000       235954         1.43
        8.89     0.350000       283124         1.54
        9.02     0.400000       320632         1.67
        9.15     0.450000       355198         1.82
        9.41     0.500000       394693         2.00
        9.66     0.525000       411784         2.11
        9.92     0.550000       432043         2.22
       10.24     0.575000       449753         2.35
       10.75     0.600000       468342         2.50
       11.65     0.625000       486663         2.67
       12.61     0.650000       506808         2.86
       13.63     0.675000       526397         3.08
       14.78     0.700000       545985         3.33
       15.81     0.725000       565585         3.64
       16.51     0.750000       586917         4.00
       16.77     0.762500       594521         4.21
       17.15     0.775000       606159         4.44
       17.41     0.787500       613788         4.71
       17.92     0.800000       623583         5.00
       18.56     0.812500       633774         5.33
       19.20     0.825000       642503         5.71
       19.97     0.837500       652597         6.15
       20.61     0.850000       664657         6.67
       21.12     0.862500       673825         7.27
       21.50     0.875000       681879         8.00
       21.89     0.881250       687049         8.42
       22.27     0.887500       691729         8.89
       22.78     0.893750       696521         9.41
       23.42     0.900000       701377        10.00
       24.06     0.906250       706065        10.67
       24.70     0.912500       710823        11.43
       25.34     0.918750       715802        12.31
       26.11     0.925000       720263        13.33
       27.26     0.931250       725265        14.55
       28.29     0.937500       729865        16.00
       28.67     0.940625       732249        16.84
       29.18     0.943750       735086        17.78
       29.70     0.946875       737484        18.82
       30.34     0.950000       739825        20.00
       31.10     0.953125       742295        21.33
       31.87     0.956250       744472        22.86
       32.64     0.959375       746996        24.62
       33.53     0.962500       749918        26.67
       34.56     0.965625       751902        29.09
       36.35     0.968750       754446        32.00
       37.12     0.970313       755561        33.68
       37.89     0.971875       756579        35.56
       39.42     0.973437       757989        37.65
       40.70     0.975000       759058        40.00
       42.24     0.976562       760290        42.67
       44.29     0.978125       761482        45.71
       46.59     0.979688       762731        49.23
       48.90     0.981250       763932        53.33
       51.97     0.982812       765185        58.18
       55.04     0.984375       766289        64.00
       57.60     0.985156       766941        67.37
       59.90     0.985938       767549        71.11
       62.21     0.986719       768125        75.29
       65.02     0.987500       768762        80.00
       68.61     0.988281       769385        85.33
       72.70     0.989062       769977        91.43
       76.80     0.989844       770552        98.46
       82.43     0.990625       771198       106.67
       87.55     0.991406       771759       116.36
       94.21     0.992188       772379       128.00
       98.30     0.992578       772705       134.74
      101.38     0.992969       773002       142.22
      104.45     0.993359       773294       150.59
      107.52     0.993750       773586       160.00
      111.61     0.994141       773893       170.67
      115.20     0.994531       774207       182.86
      118.78     0.994922       774533       196.92
      122.88     0.995313       774829       213.33
      126.46     0.995703       775122       232.73
      130.56     0.996094       775433       256.00
      133.12     0.996289       775595       269.47
      135.17     0.996484       775709       284.44
      138.24     0.996680       775876       301.18
      141.31     0.996875       776048       320.00
      144.38     0.997070       776199       341.33
      146.43     0.997266       776324       365.71
      150.53     0.997461       776490       393.85
      153.60     0.997656       776620       426.67
      157.69     0.997852       776803       465.45
      161.79     0.998047       776928       512.00
      164.86     0.998145       777023       538.95
      166.91     0.998242       777084       568.89
      169.98     0.998340       777165       602.35
      173.06     0.998437       777237       640.00
      176.13     0.998535       777307       682.67
      179.20     0.998633       777391       731.43
      183.29     0.998730       777466       787.69
      187.39     0.998828       777550       853.33
      191.49     0.998926       777630       930.91
      194.56     0.999023       777694      1024.00
      196.61     0.999072       777723      1077.89
      199.68     0.999121       777776      1137.78
      201.73     0.999170       777808      1204.71
      203.78     0.999219       777844      1280.00
      206.85     0.999268       777879      1365.33
      210.94     0.999316       777915      1462.86
      215.04     0.999365       777957      1575.38
      218.11     0.999414       777989      1706.67
      222.21     0.999463       778035      1861.82
      225.28     0.999512       778064      2048.00
      228.35     0.999536       778090      2155.79
      230.40     0.999561       778102      2275.56
      233.47     0.999585       778125      2409.41
      236.54     0.999609       778145      2560.00
      238.59     0.999634       778159      2730.67
      242.69     0.999658       778182      2925.71
      244.74     0.999683       778205      3150.77
      246.78     0.999707       778218      3413.33
      250.88     0.999731       778235      3723.64
      254.97     0.999756       778254      4096.00
      259.07     0.999768       778268      4311.58
      261.12     0.999780       778274      4551.11
      264.19     0.999792       778297      4818.82
      264.19     0.999805       778297      5120.00
      268.29     0.999817       778307      5461.33
      270.33     0.999829       778315      5851.43
      274.43     0.999841       778324      6301.54
      278.53     0.999854       778330      6826.67
      282.62     0.999866       778340      7447.27
      286.72     0.999878       778354      8192.00
      286.72     0.999884       778354      8623.16
      288.77     0.999890       778360      9102.22
      290.81     0.999896       778364      9637.65
      292.86     0.999902       778369     10240.00
      294.91     0.999908       778373     10922.67
      299.01     0.999915       778378     11702.86
      303.10     0.999921       778387     12603.08
      303.10     0.999927       778387     13653.33
      305.15     0.999933       778393     14894.55
      309.25     0.999939       778403     16384.00
      309.25     0.999942       778403     17246.32
      309.25     0.999945       778403     18204.44
      311.30     0.999948       778404     19275.29
      321.54     0.999951       778406     20480.00
      323.58     0.999954       778409     21845.33
      325.63     0.999957       778413     23405.71
      327.68     0.999960       778416     25206.15
      327.68     0.999963       778416     27306.67
      329.73     0.999966       778418     29789.09
      335.87     0.999969       778422     32768.00
      335.87     0.999971       778422     34492.63
      337.92     0.999973       778424     36408.89
      337.92     0.999974       778424     38550.59
      339.97     0.999976       778426     40960.00
      342.01     0.999977       778430     43690.67
      342.01     0.999979       778430     46811.43
      342.01     0.999980       778430     50412.31
      342.01     0.999982       778430     54613.33
      362.50     0.999983       778433     59578.18
      362.50     0.999985       778433     65536.00
      362.50     0.999986       778433     68985.26
      364.54     0.999986       778434     72817.78
      364.54     0.999987       778434     77101.18
      366.59     0.999988       778436     81920.00
      366.59     0.999989       778436     87381.33
      366.59     0.999989       778436     93622.86
      368.64     0.999990       778437    100824.62
      368.64     0.999991       778437    109226.67
      376.83     0.999992       778438    119156.36
      387.07     0.999992       778439    131072.00
      387.07     0.999993       778439    137970.53
      387.07     0.999993       778439    145635.56
      387.07     0.999994       778439    154202.35
      397.31     0.999994       778440    163840.00
      397.31     0.999994       778440    174762.67
      397.31     0.999995       778440    187245.71
      399.36     0.999995       778442    201649.23
      399.36     0.999995       778442    218453.33
      399.36     0.999996       778442    238312.73
      399.36     0.999996       778442    262144.00
      399.36     0.999996       778442    275941.05
      399.36     0.999997       778442    291271.11
      399.36     0.999997       778442    308404.71
      399.36     0.999997       778442    327680.00
      399.36     0.999997       778442    349525.33
      399.36     0.999997       778442    374491.43
      430.08     0.999998       778443    403298.46
      430.08     0.999998       778443    436906.67
      430.08     0.999998       778443    476625.45
      430.08     0.999998       778443    524288.00
      430.08     0.999998       778443    551882.11
      430.08     0.999998       778443    582542.22
      430.08     0.999998       778443    616809.41
      430.08     0.999998       778443    655360.00
      430.08     0.999999       778443    699050.67
      430.08     0.999999       778443    748982.86
      448.51     0.999999       778444    806596.92
      448.51     1.000000       778444          inf
#[Mean    =       14.024, StdDeviation   =       15.179]
#[Max     =      448.511, Total count    =       778444]
#[Buckets =           10, SubBuckets     =          256]
