       Value   Percentile   TotalCount 1/(1-Percentile)

        0.17     0.000000            1         1.00
        4.51     0.050000       390864         1.05
        6.78     0.100000       790219         1.11
        7.52     0.150000      1169083         1.18
        8.19     0.200000      1596051         1.25
        8.38     0.250000      2094663         1.33
        8.51     0.300000      2359595         1.43
        8.89     0.350000      2833089         1.54
        9.02     0.400000      3208424         1.67
        9.15     0.450000      3555034         1.82
        9.41     0.500000      3946432         2.00
        9.66     0.525000      4117137         2.11
        9.92     0.550000      4319379         2.22
       10.24     0.575000      4498705         2.35
       10.75     0.600000      4686046         2.50
       11.65     0.625000      4869260         2.67
       12.54     0.650000      5059927         2.86
       13.57     0.675000      5258570         3.08
       14.72     0.700000      5455276         3.33
       15.74     0.725000      5647783         3.64
       16.51     0.750000      5873852         4.00
       16.77     0.762500      5949866         4.21
       17.15     0.775000      6064123         4.44
       17.41     0.787500      6139137         4.71
       17.92     0.800000      6237050         5.00
       18.56     0.812500      6337503         5.33
       19.20     0.825000      6423991         5.71
       19.97     0.837500      6527717         6.15
       20.48     0.850000      6618444         6.67
       20.99     0.862500      6713364         7.27
       21.50     0.875000      6821632         8.00
       21.89     0.881250      6872098         8.42
       22.27     0.887500      6918187         8.89
       22.78     0.893750      6966352         9.41
       23.30     0.900000      7006405        10.00
       24.06     0.906250      7061684        10.67
       24.70     0.912500      7109817        11.43
       25.34     0.918750      7160070        12.31
       26.11     0.925000      7204099        13.33
       27.26     0.931250      7253360        14.55
       28.29     0.937500      7299428        16.00
       28.67     0.940625      7322122        16.84
       29.18     0.943750      7351093        17.78
       29.57     0.946875      7370381        18.82
       30.21     0.950000      7394680        20.00
       30.98     0.953125      7420078        21.33
       31.87     0.956250      7446003        22.86
       32.64     0.959375      7471212        24.62
       33.28     0.962500      7492118        26.67
       34.56     0.965625      7520125        29.09
       36.09     0.968750      7542399        32.00
       36.86     0.970313      7552606        33.68
       37.89     0.971875      7565832        35.56
       39.17     0.973437      7577880        37.65
       40.70     0.975000      7591097        40.00
       41.98     0.976562      7601318        42.67
       44.03     0.978125      7613783        45.71
       46.34     0.979688      7626718        49.23
       48.64     0.981250      7638336        53.33
       51.71     0.982812      7650607        58.18
       54.78     0.984375      7662091        64.00
       57.09     0.985156      7668410        67.37
       59.39     0.985938      7674037        71.11
       61.95     0.986719      7680558        75.29
       64.51     0.987500      7686455        80.00
       67.58     0.988281      7692256        85.33
       72.19     0.989062      7698942        91.43
       76.29     0.989844      7704546        98.46
       81.41     0.990625      7710853       106.67
       87.04     0.991406      7716591       116.36
       93.69     0.992188      7722980       128.00
       96.77     0.992578      7725877       134.74
       99.84     0.992969      7728789       142.22
      103.42     0.993359      7732001       150.59
      106.50     0.993750      7734870       160.00
      110.08     0.994141      7737905       170.67
      113.66     0.994531      7740955       182.86
      117.25     0.994922      7744005       196.92
      120.83     0.995313      7747015       213.33
      124.93     0.995703      7750377       232.73
      129.02     0.996094      7753395       256.00
      131.07     0.996289      7754695       269.47
      134.14     0.996484      7756587       284.44
      136.19     0.996680      7757801       301.18
      139.26     0.996875      7759493       320.00
      142.34     0.997070      7761130       341.33
      145.41     0.997266      7762639       365.71
      148.48     0.997461      7764045       393.85
      151.55     0.997656      7765253       426.67
      155.65     0.997852      7766836       465.45
      159.74     0.998047      7768254       512.00
      162.81     0.998145      7769133       538.95
      164.86     0.998242      7769838       568.89
      167.94     0.998340      7770746       602.35
      171.01     0.998437      7771491       640.00
      174.08     0.998535      7772194       682.67
      177.15     0.998633      7772854       731.43
      181.25     0.998730      7773724       787.69
      185.34     0.998828      7774464       853.33
      189.44     0.998926      7775239       930.91
      192.51     0.999023      7775885      1024.00
      194.56     0.999072      7776278      1077.89
      196.61     0.999121      7776634      1137.78
      199.68     0.999170      7777095      1204.71
      202.75     0.999219      7777515      1280.00
      204.80     0.999268      7777840      1365.33
      207.87     0.999316      7778217      1462.86
      212.99     0.999365      7778598      1575.38
      216.06     0.999414      7778934      1706.67
      220.16     0.999463      7779311      1861.82
      223.23     0.999512      7779691      2048.00
      225.28     0.999536      7779913      2155.79
      227.33     0.999561      7780103      2275.56
      229.38     0.999585      7780242      2409.41
      232.45     0.999609      7780463      2560.00
      234.50     0.999634      7780609      2730.67
      237.57     0.999658      7780817      2925.71
      240.64     0.999683      7780997      3150.77
      244.74     0.999707      7781228      3413.33
      246.78     0.999731      7781378      3723.64
      251.90     0.999756      7781601      4096.00
      253.95     0.999768      7781675      4311.58
      258.05     0.999780      7781779      4551.11
      260.10     0.999792      7781886      4818.82
      261.12     0.999805      7781946      5120.00
      264.19     0.999817      7782094      5461.33
      266.24     0.999829      7782130      5851.43
      270.33     0.999841      7782280      6301.54
      272.38     0.999854      7782336      6826.67
      278.53     0.999866      7782434      7447.27
      282.62     0.999878      7782544      8192.00
      284.67     0.999884      7782587      8623.16
      286.72     0.999890      7782627      9102.22
      288.77     0.999896      7782663      9637.65
      290.81     0.999902      7782705     10240.00
      292.86     0.999908      7782746     10922.67
      296.96     0.999915      7782829     11702.86
      299.01     0.999921      7782850     12603.08
      303.10     0.999927      7782914     13653.33
      305.15     0.999933      7782944     14894.55
      307.20     0.999939      7782998     16384.00
      309.25     0.999942      7783029     17246.32
      309.25     0.999945      7783029     18204.44
      317.44     0.999948      7783064     19275.29
      319.49     0.999951      7783091     20480.00
      321.54     0.999954      7783118     21845.33
      323.58     0.999957      7783134     23405.71
      325.63     0.999960      7783159     25206.15
      327.68     0.999963      7783179     27306.67
      329.73     0.999966      7783196     29789.09
      335.87     0.999969      7783235     32768.00
      335.87     0.999971      7783235     34492.63
      337.92     0.999973      7783245     36408.89
      339.97     0.999974      7783259     38550.59
      342.01     0.999976      7783272     40960.00
      344.06     0.999977      7783290     43690.67
      344.06     0.999979      7783290     46811.43
      350.21     0.999980      7783302     50412.31
      354.30     0.999982      7783317     54613.33
      358.40     0.999983      7783331     59578.18
      362.50     0.999985      7783347     65536.00
      362.50     0.999986      7783347     68985.26
      364.54     0.999986      7783362     72817.78
      364.54     0.999987      7783362     77101.18
      364.54     0.999988      7783362     81920.00
      366.59     0.999989      7783368     87381.33
      368.64     0.999989      7783373     93622.86
      374.78     0.999990      7783382    100824.62
      376.83     0.999991      7783394    109226.67
      376.83     0.999992      7783394    119156.36
      378.88     0.999992      7783397    131072.00
      389.12     0.999993      7783407    137970.53
      389.12     0.999993      7783407    145635.56
      389.12     0.999994      7783407    154202.35
      391.17     0.999994      7783421    163840.00
      391.17     0.999994      7783421    174762.67
      391.17     0.999995      7783421    187245.71
      391.17     0.999995      7783421    201649.23
      391.17     0.999995      7783421    218453.33
      393.21     0.999996      7783425    238312.73
      397.31     0.999996      7783429    262144.00
      397.31     0.999996      7783429    275941.05
      399.36     0.999997      7783440    291271.11
      399.36     0.999997      7783440    308404.71
      399.36     0.999997      7783440    327680.00
      399.36     0.999997      7783440    349525.33
      399.36     0.999997      7783440    374491.43
      399.36     0.999998      7783440    403298.46
      399.36     0.999998      7783440    436906.67
      399.36     0.999998      7783440    476625.45
      401.41     0.999998      7783442    524288.00
      401.41     0.999998      7783442    551882.11
      430.08     0.999998      7783446    582542.22
      430.08     0.999998      7783446    616809.41
      430.08     0.999998      7783446    655360.00
      430.08     0.999999      7783446    699050.67
      430.08     0.999999      7783446    748982.86
      432.13     0.999999      7783452    806596.92
      432.13     0.999999      7783452    873813.33
      432.13     0.999999      7783452    953250.91
      432.13     0.999999      7783452   1048576.00
      432.13     0.999999      7783452   1103764.21
      432.13     0.999999      7783452   1165084.44
      432.13     0.999999      7783452   1233618.82
      432.13     0.999999      7783452   1310720.00
      432.13     0.999999      7783452   1398101.33
      432.13     0.999999      7783452   1497965.71
      432.13     0.999999      7783452   1613193.85
      432.13     0.999999      7783452   1747626.67
      432.13     0.999999      7783452   1906501.82
      452.61     1.000000      7783456   2097152.00
      452.61     1.000000      7783456          inf
#[Mean    =       13.994, StdDeviation   =       15.026]
#[Max     =      452.607, Total count    =      7783456]
#[Buckets =           10, SubBuckets     =          256]
