       Value   Percentile   TotalCount 1/(1-Percentile)

        0.19     0.000000            2         1.00
        2.80     0.050000        34316         1.05
        4.70     0.100000        68942         1.11
        6.33     0.150000       102754         1.18
        7.33     0.200000       136985         1.25
        8.32     0.250000       174359         1.33
        8.70     0.300000       207116         1.43
        9.02     0.350000       239875         1.54
        9.34     0.400000       276676         1.67
        9.92     0.450000       310982         1.82
       10.94     0.500000       343248         2.00
       11.90     0.525000       360073         2.11
       12.73     0.550000       377928         2.22
       13.50     0.575000       394172         2.35
       14.40     0.600000       411214         2.50
       15.36     0.625000       428673         2.67
       16.19     0.650000       446556         2.86
       16.77     0.675000       463954         3.08
       17.28     0.700000       481952         3.33
       17.92     0.725000       498680         3.64
       18.82     0.750000       514140         4.00
       19.45     0.762500       523169         4.21
       20.09     0.775000       533268         4.44
       20.48     0.787500       540279         4.71
       20.86     0.800000       548239         5.00
       21.25     0.812500       557881         5.33
       21.63     0.825000       566357         5.71
       22.14     0.837500       575369         6.15
       22.78     0.850000       582378         6.67
       23.81     0.862500       590850         7.27
       24.83     0.875000       599390         8.00
       25.34     0.881250       603676         8.42
       25.98     0.887500       608651         8.89
       26.50     0.893750       612290         9.41
       27.26     0.900000       616363        10.00
       28.03     0.906250       620841        10.67
       28.80     0.912500       625433        11.43
       29.44     0.918750       629771        12.31
       30.21     0.925000       634147        13.33
       30.98     0.931250       637992        14.55
       32.00     0.937500       642514        16.00
       32.38     0.940625       644266        16.84
       33.02     0.943750       646681        17.78
       33.53     0.946875       648692        18.82
       34.30     0.950000       651322        20.00
       35.07     0.953125       652771        21.33
       36.35     0.956250       655178        22.86
       37.38     0.959375       657062        24.62
       38.66     0.962500       659208        26.67
       40.45     0.965625       661298        29.09
       42.49     0.968750       663637        32.00
       43.77     0.970313       664626        33.68
       45.31     0.971875       665660        35.56
       47.10     0.973437       666769        37.65
       49.41     0.975000       667811        40.00
       51.97     0.976562       668789        42.67
       55.30     0.978125       669913        45.71
       59.13     0.979688       670929        49.23
       64.00     0.981250       672033        53.33
       69.63     0.982812       673098        58.18
       76.29     0.984375       674158        64.00
       79.87     0.985156       674683        67.37
       84.48     0.985938       675247        71.11
       89.09     0.986719       675754        75.29
       94.21     0.987500       676308        80.00
       99.33     0.988281       676870        85.33
      103.94     0.989062       677377        91.43
      109.06     0.989844       677906        98.46
      114.17     0.990625       678453       106.67
      119.81     0.991406       678965       116.36
      125.44     0.992188       679485       128.00
      129.02     0.992578       679791       134.74
      132.09     0.992969       680036       142.22
      135.17     0.993359       680305       150.59
      139.26     0.993750       680630       160.00
      142.34     0.994141       680866       170.67
      146.43     0.994531       681141       182.86
      150.53     0.994922       681396       196.92
      154.62     0.995313       681647       213.33
      159.74     0.995703       681939       232.73
      164.86     0.996094       682166       256.00
      167.94     0.996289       682328       269.47
      171.01     0.996484       682469       284.44
      174.08     0.996680       682595       301.18
      177.15     0.996875       682716       320.00
      181.25     0.997070       682840       341.33
      184.32     0.997266       682963       365.71
      189.44     0.997461       683121       393.85
      193.53     0.997656       683238       426.67
      198.66     0.997852       683381       465.45
      203.78     0.998047       683517       512.00
      205.82     0.998145       683588       538.95
      207.87     0.998242       683638       568.89
      210.94     0.998340       683715       602.35
      214.01     0.998437       683779       640.00
      216.06     0.998535       683832       682.67
      220.16     0.998633       683914       731.43
      223.23     0.998730       683973       787.69
      227.33     0.998828       684038       853.33
      230.40     0.998926       684106       930.91
      233.47     0.999023       684181      1024.00
      235.52     0.999072       684215      1077.89
      237.57     0.999121       684234      1137.78
      240.64     0.999170       684273      1204.71
      243.71     0.999219       684311      1280.00
      245.76     0.999268       684337      1365.33
      248.83     0.999316       684371      1462.86
      251.90     0.999365       684403      1575.38
      256.00     0.999414       684437      1706.67
      259.07     0.999463       684467      1861.82
      264.19     0.999512       684510      2048.00
      266.24     0.999536       684524      2155.79
      268.29     0.999561       684540      2275.56
      270.33     0.999585       684551      2409.41
      272.38     0.999609       684570      2560.00
      276.48     0.999634       684592      2730.67
      278.53     0.999658       684602      2925.71
      282.62     0.999683       684626      3150.77
      284.67     0.999707       684638      3413.33
      288.77     0.999731       684656      3723.64
      292.86     0.999756       684675      4096.00
      294.91     0.999768       684690      4311.58
      294.91     0.999780       684690      4551.11
      296.96     0.999792       684698      4818.82
      299.01     0.999805       684702      5120.00
      301.06     0.999817       684710      5461.33
      305.15     0.999829       684722      5851.43
      307.20     0.999841       684726      6301.54
      309.25     0.999854       684735      6826.67
      315.39     0.999866       684747      7447.27
      319.49     0.999878       684753      8192.00
      321.54     0.999884       684756      8623.16
      325.63     0.999890       684760      9102.22
      327.68     0.999896       684768      9637.65
      327.68     0.999902       684768     10240.00
      329.73     0.999908       684773     10922.67
      331.77     0.999915       684776     11702.86
      333.82     0.999921       684780     12603.08
      337.92     0.999927       684789     13653.33
      337.92     0.999933       684789     14894.55
      342.01     0.999939       684798     16384.00
      342.01     0.999942       684798     17246.32
      342.01     0.999945       684798     18204.44
      344.06     0.999948       684801     19275.29
      344.06     0.999951       684801     20480.00
      346.11     0.999954       684806     21845.33
      346.11     0.999957       684806     23405.71
      348.16     0.999960       684808     25206.15
      350.21     0.999963       684810     27306.67
      352.25     0.999966       684814     29789.09
      352.25     0.999969       684814     32768.00
      354.30     0.999971       684815     34492.63
      358.40     0.999973       684817     36408.89
      358.40     0.999974       684817     38550.59
      360.45     0.999976       684819     40960.00
      360.45     0.999977       684819     43690.67
      362.50     0.999979       684820     46811.43
      364.54     0.999980       684821     50412.31
      366.59     0.999982       684822     54613.33
      370.69     0.999983       684824     59578.18
      370.69     0.999985       684824     65536.00
      376.83     0.999986       684825     68985.26
      376.83     0.999986       684825     72817.78
      378.88     0.999987       684827     77101.18
      378.88     0.999988       684827     81920.00
      378.88     0.999989       684827     87381.33
      378.88     0.999989       684827     93622.86
      382.98     0.999990       684829    100824.62
      382.98     0.999991       684829    109226.67
      382.98     0.999992       684829    119156.36
      382.98     0.999992       684829    131072.00
      385.02     0.999993       684830    137970.53
      385.02     0.999993       684830    145635.56
      385.02     0.999994       684830    154202.35
      385.02     0.999994       684830    163840.00
      387.07     0.999994       684831    174762.67
      387.07     0.999995       684831    187245.71
      387.07     0.999995       684831    201649.23
      387.07     0.999995       684831    218453.33
      389.12     0.999996       684832    238312.73
      389.12     0.999996       684832    262144.00
      389.12     0.999996       684832    275941.05
      389.12     0.999997       684832    291271.11
      389.12     0.999997       684832    308404.71
      389.12     0.999997       684832    327680.00
      391.17     0.999997       684833    349525.33
      391.17     0.999997       684833    374491.43
      391.17     0.999998       684833    403298.46
      391.17     0.999998       684833    436906.67
      391.17     0.999998       684833    476625.45
      391.17     0.999998       684833    524288.00
      391.17     0.999998       684833    551882.11
      391.17     0.999998       684833    582542.22
      391.17     0.999998       684833    616809.41
      391.17     0.999998       684833    655360.00
      411.65     0.999999       684834    699050.67
      411.65     1.000000       684834          inf
#[Mean    =       15.917, StdDeviation   =       19.274]
#[Max     =      411.647, Total count    =       684834]
#[Buckets =           10, SubBuckets     =          256]
