       Value   Percentile   TotalCount 1/(1-Percentile)

        0.13     0.000000            1         1.00
        2.80     0.050000       377716         1.05
        4.70     0.100000       759389         1.11
        6.33     0.150000      1131963         1.18
        7.33     0.200000      1509425         1.25
        8.32     0.250000      1921066         1.33
        8.70     0.300000      2280737         1.43
        9.02     0.350000      2641260         1.54
        9.34     0.400000      3044498         1.67
        9.92     0.450000      3422105         1.82
       10.94     0.500000      3774963         2.00
       11.90     0.525000      3958453         2.11
       12.73     0.550000      4153328         2.22
       13.50     0.575000      4332804         2.35
       14.40     0.600000      4519336         2.50
       15.36     0.625000      4710403         2.67
       16.19     0.650000      4907727         2.86
       16.77     0.675000      5097128         3.08
       17.28     0.700000      5293096         3.33
       17.92     0.725000      5476197         3.64
       18.94     0.750000      5670637         4.00
       19.45     0.762500      5748481         4.21
       20.09     0.775000      5861508         4.44
       20.48     0.787500      5938236         4.71
       20.86     0.800000      6025784         5.00
       21.25     0.812500      6132024         5.33
       21.63     0.825000      6223829         5.71
       22.14     0.837500      6324250         6.15
       22.91     0.850000      6415275         6.67
       23.93     0.862500      6506389         7.27
       24.96     0.875000      6601315         8.00
       25.47     0.881250      6649591         8.42
       25.98     0.887500      6692951         8.89
       26.50     0.893750      6732392         9.41
       27.39     0.900000      6783542        10.00
       28.16     0.906250      6834819        10.67
       28.80     0.912500      6876276        11.43
       29.44     0.918750      6924902        12.31
       30.21     0.925000      6974868        13.33
       30.98     0.931250      7017118        14.55
       31.87     0.937500      7061785        16.00
       32.38     0.940625      7087302        16.84
       33.02     0.943750      7113713        17.78
       33.53     0.946875      7135870        18.82
       34.30     0.950000      7164887        20.00
       35.07     0.953125      7181592        21.33
       36.09     0.956250      7203115        22.86
       37.38     0.959375      7227961        24.62
       38.66     0.962500      7251801        26.67
       40.45     0.965625      7275480        29.09
       42.24     0.968750      7297891        32.00
       43.52     0.970313      7310019        33.68
       45.05     0.971875      7321303        35.56
       46.85     0.973437      7332993        37.65
       49.15     0.975000      7344438        40.00
       51.71     0.976562      7355667        42.67
       54.78     0.978125      7367698        45.71
       58.62     0.979688      7379615        49.23
       63.23     0.981250      7391414        53.33
       68.61     0.982812      7402847        58.18
       75.78     0.984375      7415279        64.00
       78.85     0.985156      7420466        67.37
       82.94     0.985938      7426311        71.11
       88.06     0.986719      7432644        75.29
       92.67     0.987500      7438226        80.00
       97.79     0.988281      7444391        85.33
      102.40     0.989062      7449830        91.43
      108.03     0.989844      7456029        98.46
      113.66     0.990625      7462024       106.67
      119.81     0.991406      7467929       116.36
      125.44     0.992188      7473508       128.00
      128.51     0.992578      7476570       134.74
      132.09     0.992969      7479866       142.22
      135.17     0.993359      7482598       150.59
      138.24     0.993750      7485256       160.00
      142.34     0.994141      7488597       170.67
      146.43     0.994531      7491721       182.86
      149.50     0.994922      7494117       196.92
      154.62     0.995313      7497501       213.33
      158.72     0.995703      7499959       232.73
      163.84     0.996094      7502760       256.00
      166.91     0.996289      7504327       269.47
      169.98     0.996484      7505903       284.44
      173.06     0.996680      7507298       301.18
      176.13     0.996875      7508652       320.00
      180.22     0.997070      7510164       341.33
      184.32     0.997266      7511794       365.71
      188.41     0.997461      7513239       393.85
      193.53     0.997656      7514796       426.67
      197.63     0.997852      7516138       465.45
      202.75     0.998047      7517592       512.00
      204.80     0.998145      7518230       538.95
      207.87     0.998242      7519189       568.89
      209.92     0.998340      7519747       602.35
      212.99     0.998437      7520509       640.00
      216.06     0.998535      7521340       682.67
      219.13     0.998633      7522032       731.43
      222.21     0.998730      7522717       787.69
      225.28     0.998828      7523372       853.33
      229.38     0.998926      7524273       930.91
      232.45     0.999023      7524978      1024.00
      234.50     0.999072      7525362      1077.89
      235.52     0.999121      7525567      1137.78
      238.59     0.999170      7526092      1204.71
      240.64     0.999219      7526421      1280.00
      242.69     0.999268      7526736      1365.33
      244.74     0.999316      7527030      1462.86
      247.81     0.999365      7527425      1575.38
      251.90     0.999414      7527856      1706.67
      256.00     0.999463      7528202      1861.82
      260.10     0.999512      7528573      2048.00
      262.14     0.999536      7528777      2155.79
      264.19     0.999561      7528922      2275.56
      266.24     0.999585      7529060      2409.41
      270.33     0.999609      7529327      2560.00
      272.38     0.999634      7529468      2730.67
      276.48     0.999658      7529718      2925.71
      278.53     0.999683      7529817      3150.77
      282.62     0.999707      7530039      3413.33
      284.67     0.999731      7530166      3723.64
      290.81     0.999756      7530431      4096.00
      292.86     0.999768      7530535      4311.58
      292.86     0.999780      7530535      4551.11
      294.91     0.999792      7530656      4818.82
      296.96     0.999805      7530729      5120.00
      301.06     0.999817      7530846      5461.33
      303.10     0.999829      7530920      5851.43
      305.15     0.999841      7530997      6301.54
      307.20     0.999854      7531086      6826.67
      309.25     0.999866      7531176      7447.27
      313.34     0.999878      7531266      8192.00
      315.39     0.999884      7531316      8623.16
      317.44     0.999890      7531364      9102.22
      319.49     0.999896      7531407      9637.65
      323.58     0.999902      7531481     10240.00
      325.63     0.999908      7531530     10922.67
      327.68     0.999915      7531576     11702.86
      329.73     0.999921      7531604     12603.08
      333.82     0.999927      7531659     13653.33
      335.87     0.999933      7531697     14894.55
      337.92     0.999939      7531734     16384.00
      339.97     0.999942      7531764     17246.32
      342.01     0.999945      7531813     18204.44
      342.01     0.999948      7531813     19275.29
      342.01     0.999951      7531813     20480.00
      344.06     0.999954      7531869     21845.33
      344.06     0.999957      7531869     23405.71
      346.11     0.999960      7531912     25206.15
      346.11     0.999963      7531912     27306.67
      348.16     0.999966      7531934     29789.09
      352.25     0.999969      7531969     32768.00
      352.25     0.999971      7531969     34492.63
      354.30     0.999973      7531990     36408.89
      354.30     0.999974      7531990     38550.59
      356.35     0.999976      7532017     40960.00
      356.35     0.999977      7532017     43690.67
      358.40     0.999979      7532032     46811.43
      358.40     0.999980      7532032     50412.31
      360.45     0.999982      7532051     54613.33
      362.50     0.999983      7532061     59578.18
      364.54     0.999985      7532067     65536.00
      366.59     0.999986      7532069     68985.26
      368.64     0.999986      7532077     72817.78
      370.69     0.999987      7532090     77101.18
      370.69     0.999988      7532090     81920.00
      376.83     0.999989      7532095     87381.33
      378.88     0.999989      7532101     93622.86
      380.93     0.999990      7532110    100824.62
      380.93     0.999991      7532110    109226.67
      382.98     0.999992      7532124    119156.36
      382.98     0.999992      7532124    131072.00
      382.98     0.999993      7532124    137970.53
      385.02     0.999993      7532134    145635.56
      385.02     0.999994      7532134    154202.35
      385.02     0.999994      7532134    163840.00
      387.07     0.999994      7532139    174762.67
      387.07     0.999995      7532139    187245.71
      389.12     0.999995      7532143    201649.23
      391.17     0.999995      7532150    218453.33
      391.17     0.999996      7532150    238312.73
      391.17     0.999996      7532150    262144.00
      393.21     0.999996      7532152    275941.05
      407.55     0.999997      7532154    291271.11
      407.55     0.999997      7532154    308404.71
      409.60     0.999997      7532157    327680.00
      409.60     0.999997      7532157    349525.33
      411.65     0.999997      7532166    374491.43
      411.65     0.999998      7532166    403298.46
      411.65     0.999998      7532166    436906.67
      411.65     0.999998      7532166    476625.45
      411.65     0.999998      7532166    524288.00
      411.65     0.999998      7532166    551882.11
      411.65     0.999998      7532166    582542.22
      411.65     0.999998      7532166    616809.41
      413.69     0.999998      7532169    655360.00
      413.69     0.999999      7532169    699050.67
      413.69     0.999999      7532169    748982.86
      413.69     0.999999      7532169    806596.92
      423.94     0.999999      7532172    873813.33
      423.94     0.999999      7532172    953250.91
      423.94     0.999999      7532172   1048576.00
      423.94     0.999999      7532172   1103764.21
      423.94     0.999999      7532172   1165084.44
      423.94     0.999999      7532172   1233618.82
      430.08     0.999999      7532178   1310720.00
      430.08     1.000000      7532178          inf
#[Mean    =       15.902, StdDeviation   =       19.159]
#[Max     =      430.079, Total count    =      7532178]
#[Buckets =           10, SubBuckets     =          256]
