       Value   Percentile   TotalCount 1/(1-Percentile)

        0.13     0.000000            1         1.00
        2.80     0.050000       343400         1.05
        4.70     0.100000       690447         1.11
        6.33     0.150000      1029209         1.18
        7.33     0.200000      1372440         1.25
        8.32     0.250000      1746707         1.33
        8.70     0.300000      2073621         1.43
        9.02     0.350000      2401385         1.54
        9.34     0.400000      2767822         1.67
        9.92     0.450000      3111123         1.82
       10.94     0.500000      3431715         2.00
       11.90     0.525000      3598380         2.11
       12.73     0.550000      3775400         2.22
       13.50     0.575000      3938632         2.35
       14.46     0.600000      4120714         2.50
       15.36     0.625000      4281730         2.67
       16.19     0.650000      4461171         2.86
       16.77     0.675000      4633174         3.08
       17.28     0.700000      4811144         3.33
       17.92     0.725000      4977517         3.64
       18.94     0.750000      5154461         4.00
       19.45     0.762500      5225312         4.21
       20.09     0.775000      5328240         4.44
       20.48     0.787500      5397957         4.71
       20.99     0.800000      5501996         5.00
       21.25     0.812500      5574143         5.33
       21.63     0.825000      5657472         5.71
       22.14     0.837500      5748881         6.15
       22.91     0.850000      5831703         6.67
       23.93     0.862500      5914555         7.27
       24.96     0.875000      6000852         8.00
       25.47     0.881250      6044800         8.42
       25.98     0.887500      6084300         8.89
       26.50     0.893750      6120102         9.41
       27.39     0.900000      6166566        10.00
       28.16     0.906250      6213175        10.67
       28.80     0.912500      6250843        11.43
       29.44     0.918750      6295131        12.31
       30.21     0.925000      6340721        13.33
       30.98     0.931250      6379126        14.55
       31.87     0.937500      6419848        16.00
       32.38     0.940625      6443036        16.84
       33.02     0.943750      6467032        17.78
       33.53     0.946875      6487178        18.82
       34.30     0.950000      6513565        20.00
       35.07     0.953125      6528821        21.33
       36.09     0.956250      6548356        22.86
       37.38     0.959375      6570899        24.62
       38.66     0.962500      6592593        26.67
       40.45     0.965625      6614182        29.09
       42.24     0.968750      6634524        32.00
       43.52     0.970313      6645563        33.68
       45.05     0.971875      6655806        35.56
       46.85     0.973437      6666368        37.65
       49.15     0.975000      6676725        40.00
       51.71     0.976562      6686971        42.67
       54.78     0.978125      6697930        45.71
       58.62     0.979688      6708794        49.23
       62.98     0.981250      6719082        53.33
       68.61     0.982812      6729924        58.18
       75.26     0.984375      6740414        64.00
       78.85     0.985156      6745923        67.37
       82.94     0.985938      6751230        71.11
       87.55     0.986719      6756443        75.29
       92.67     0.987500      6762100        80.00
       97.28     0.988281      6767123        85.33
      102.40     0.989062      6772597        91.43
      108.03     0.989844      6778230        98.46
      113.66     0.990625      6783621       106.67
      119.30     0.991406      6788516       116.36
      125.44     0.992188      6794023       128.00
      128.51     0.992578      6796822       134.74
      132.09     0.992969      6799830       142.22
      135.17     0.993359      6802293       150.59
      138.24     0.993750      6804713       160.00
      142.34     0.994141      6807731       170.67
      146.43     0.994531      6810580       182.86
      149.50     0.994922      6812778       196.92
      154.62     0.995313      6815854       213.33
      158.72     0.995703      6818075       232.73
      163.84     0.996094      6820637       256.00
      166.91     0.996289      6822053       269.47
      169.98     0.996484      6823481       284.44
      173.06     0.996680      6824750       301.18
      176.13     0.996875      6825970       320.00
      180.22     0.997070      6827358       341.33
      184.32     0.997266      6828831       365.71
      188.41     0.997461      6830144       393.85
      193.53     0.997656      6831558       426.67
      197.63     0.997852      6832779       465.45
      202.75     0.998047      6834106       512.00
      204.80     0.998145      6834676       538.95
      207.87     0.998242      6835551       568.89
      209.92     0.998340      6836060       602.35
      212.99     0.998437      6836748       640.00
      216.06     0.998535      6837508       682.67
      219.13     0.998633      6838137       731.43
      222.21     0.998730      6838760       787.69
      225.28     0.998828      6839362       853.33
      229.38     0.998926      6840187       930.91
      232.45     0.999023      6840818      1024.00
      233.47     0.999072      6840992      1077.89
      235.52     0.999121      6841352      1137.78
      237.57     0.999170      6841675      1204.71
      239.62     0.999219      6841997      1280.00
      242.69     0.999268      6842440      1365.33
      244.74     0.999316      6842704      1462.86
      247.81     0.999365      6843064      1575.38
      250.88     0.999414      6843373      1706.67
      254.97     0.999463      6843685      1861.82
      259.07     0.999512      6844008      2048.00
      261.12     0.999536      6844188      2155.79
      264.19     0.999561      6844412      2275.56
      266.24     0.999585      6844536      2409.41
      270.33     0.999609      6844776      2560.00
      272.38     0.999634      6844898      2730.67
      274.43     0.999658      6845005      2925.71
      278.53     0.999683      6845215      3150.77
      282.62     0.999707      6845413      3413.33
      284.67     0.999731      6845528      3723.64
      288.77     0.999756      6845683      4096.00
      290.81     0.999768      6845769      4311.58
      292.86     0.999780      6845860      4551.11
      294.91     0.999792      6845966      4818.82
      296.96     0.999805      6846031      5120.00
      301.06     0.999817      6846136      5461.33
      303.10     0.999829      6846205      5851.43
      305.15     0.999841      6846275      6301.54
      307.20     0.999854      6846360      6826.67
      309.25     0.999866      6846441      7447.27
      313.34     0.999878      6846527      8192.00
      315.39     0.999884      6846569      8623.16
      317.44     0.999890      6846614      9102.22
      319.49     0.999896      6846654      9637.65
      321.54     0.999902      6846682     10240.00
      323.58     0.999908      6846723     10922.67
      325.63     0.999915      6846770     11702.86
      327.68     0.999921      6846808     12603.08
      331.77     0.999927      6846848     13653.33
      335.87     0.999933      6846914     14894.55
      337.92     0.999939      6846945     16384.00
      339.97     0.999942      6846972     17246.32
      339.97     0.999945      6846972     18204.44
      342.01     0.999948      6847015     19275.29
      342.01     0.999951      6847015     20480.00
      344.06     0.999954      6847068     21845.33
      344.06     0.999957      6847068     23405.71
      346.11     0.999960      6847106     25206.15
      346.11     0.999963      6847106     27306.67
      348.16     0.999966      6847126     29789.09
      350.21     0.999969      6847138     32768.00
      352.25     0.999971      6847155     34492.63
      354.30     0.999973      6847175     36408.89
      354.30     0.999974      6847175     38550.59
      356.35     0.999976      6847202     40960.00
      356.35     0.999977      6847202     43690.67
      356.35     0.999979      6847202     46811.43
      358.40     0.999980      6847215     50412.31
      360.45     0.999982      6847232     54613.33
      360.45     0.999983      6847232     59578.18
      362.50     0.999985      6847241     65536.00
      364.54     0.999986      6847246     68985.26
      368.64     0.999986      6847255     72817.78
      370.69     0.999987      6847266     77101.18
      370.69     0.999988      6847266     81920.00
      370.69     0.999989      6847266     87381.33
      378.88     0.999989      6847274     93622.86
      380.93     0.999990      6847283    100824.62
      380.93     0.999991      6847283    109226.67
      382.98     0.999992      6847295    119156.36
      382.98     0.999992      6847295    131072.00
      382.98     0.999993      6847295    137970.53
      385.02     0.999993      6847304    145635.56
      385.02     0.999994      6847304    154202.35
      385.02     0.999994      6847304    163840.00
      387.07     0.999994      6847308    174762.67
      387.07     0.999995      6847308    187245.71
      389.12     0.999995      6847311    201649.23
      391.17     0.999995      6847317    218453.33
      391.17     0.999996      6847317    238312.73
      393.21     0.999996      6847319    262144.00
      407.55     0.999996      6847321    275941.05
      407.55     0.999997      6847321    291271.11
      409.60     0.999997      6847324    308404.71
      409.60     0.999997      6847324    327680.00
      411.65     0.999997      6847332    349525.33
      411.65     0.999997      6847332    374491.43
      411.65     0.999998      6847332    403298.46
      411.65     0.999998      6847332    436906.67
      411.65     0.999998      6847332    476625.45
      411.65     0.999998      6847332    524288.00
      411.65     0.999998      6847332    551882.11
      413.69     0.999998      6847335    582542.22
      413.69     0.999998      6847335    616809.41
      413.69     0.999998      6847335    655360.00
      413.69     0.999999      6847335    699050.67
      413.69     0.999999      6847335    748982.86
      423.94     0.999999      6847338    806596.92
      423.94     0.999999      6847338    873813.33
      423.94     0.999999      6847338    953250.91
      423.94     0.999999      6847338   1048576.00
      423.94     0.999999      6847338   1103764.21
      430.08     0.999999      6847344   1165084.44
      430.08     1.000000      6847344          inf
#[Mean    =       15.900, StdDeviation   =       19.148]
#[Max     =      430.079, Total count    =      6847344]
#[Buckets =           10, SubBuckets     =          256]
